20.009	981.1
20.026	991.5
20.043	980.2
20.06	969.8
20.077	961.9
20.094	968.8
20.111	1000.7
20.128	1002.7
20.145	997.6
20.162	1002.8
20.179	1007.3
20.196	1000.4
20.213	991
20.23	972.8
20.247	974.6
20.264	976.3
20.281	958.4
20.298	996.6
20.315	1038.5
20.332	1043.6
20.349	1034.1
20.366	1003.4
20.383	993.9
20.4	992.4
20.417	980.7
20.434	993.1
20.451	996
20.468	1005.6
20.485	993.5
20.502	975.8
20.519	980.6
20.536	1001.1
20.553	1014.1
20.57	1002.2
20.587	992.2
20.604	992.8
20.621	994.7
20.638	1002.9
20.655	1012.4
20.672	1017.9
20.689	1005.5
20.706	990.4
20.723	1002.4
20.74	1016.8
20.757	992.4
20.774	977.4
20.791	981.4
20.808	990.9
20.825	1017.2
20.842	1023.8
20.859	1013.2
20.876	981.2
20.893	1004.7
20.91	1025.2
20.927	996.6
20.944	995.5
20.961	1006.5
20.978	1011.2
20.995	1030
21.012	1023.1
21.029	996.1
21.046	996.1
21.063	1009.8
21.08	1002.9
21.097	981.9
21.114	991.1
21.131	995.2
21.148	992.9
21.165	991.5
21.182	1000.5
21.199	1002.8
21.216	1003.1
21.233	1016.3
21.25	1046.2
21.267	1054.8
21.284	1028.2
21.301	1016.2
21.318	1008
21.335	997.2
21.352	1002.6
21.369	1005.4
21.386	1009.6
21.403	1024.5
21.42	1023.8
21.437	1027.5
21.454	1027.2
21.471	1039.7
21.488	1034.3
21.505	1014.9
21.522	1014.8
21.539	1031.2
21.556	1035.2
21.573	1022.4
21.59	1015.5
21.607	1012.7
21.624	1021.7
21.641	1015.9
21.658	1012.4
21.675	1032.1
21.692	1042.8
21.709	1048.2
21.726	1010.8
21.743	984.6
21.76	1018.9
21.777	1023.2
21.794	1031.8
21.811	1053.9
21.828	1024
21.845	1014
21.862	1005.4
21.879	1007
21.896	1024.1
21.913	1029.1
21.93	1035.4
21.947	1034.2
21.964	1061.2
21.981	1062.8
21.998	1042.2
22.015	1051.1
22.032	1035.5
22.049	1024.4
22.066	1037.4
22.083	1034.7
22.1	1017.5
22.117	1014.4
22.134	1009.6
22.151	1008.6
22.168	1020.9
22.185	1022.9
22.202	1019.2
22.219	1018.8
22.236	1019.2
22.253	1020.5
22.27	1033.9
22.287	1047.6
22.304	1035.5
22.321	1028.1
22.338	1047.6
22.355	1049.2
22.372	1042.5
22.389	1039.5
22.406	1035.9
22.423	1047.9
22.44	1030.6
22.457	1014.1
22.474	1031.1
22.491	1043.7
22.508	1045.6
22.525	1056.2
22.542	1044.8
22.559	1028.5
22.576	1020.9
22.593	1025.6
22.61	1047.6
22.627	1048.5
22.644	1076.1
22.661	1056.6
22.678	1024.1
22.695	1050.4
22.712	1030
22.729	1030.1
22.746	1064.4
22.763	1061.1
22.78	1074.8
22.797	1088.4
22.814	1077.2
22.831	1055.8
22.848	1065.5
22.865	1046
22.882	1049
22.899	1034.1
22.916	1042.6
22.933	1055.9
22.95	1058.6
22.967	1079.4
22.984	1071.2
23.001	1068.4
23.018	1064.5
23.035	1052.1
23.052	1061.7
23.069	1070.7
23.086	1078.5
23.103	1081.2
23.12	1084.9
23.137	1094.1
23.154	1080.9
23.171	1046.1
23.188	1047.1
23.205	1082.5
23.222	1089.4
23.239	1073.4
23.256	1065.2
23.273	1065.8
23.29	1060.7
23.307	1058.5
23.324	1070.6
23.341	1083
23.358	1078.1
23.375	1063.6
23.392	1051.8
23.409	1060.7
23.426	1082.6
23.443	1078.4
23.46	1067.2
23.477	1062.1
23.494	1018.2
23.511	998.2
23.528	1023.6
23.545	1061.5
23.562	1083.5
23.579	1070.8
23.596	1065.3
23.613	1085.6
23.63	1105.9
23.647	1105.9
23.664	1091.1
23.681	1078
23.698	1100.1
23.715	1095.2
23.732	1066.7
23.749	1045.7
23.766	1079.4
23.783	1086.2
23.8	1041.7
23.817	1062.6
23.834	1081.7
23.851	1071.6
23.868	1062.8
23.885	1064.3
23.902	1073.5
23.919	1049.9
23.936	1023.9
23.953	1073.9
23.97	1111.4
23.987	1106.2
24.004	1086.5
24.021	1071.2
24.038	1070.1
24.055	1064.8
24.072	1069.6
24.089	1086.4
24.106	1090
24.123	1080
24.14	1081.2
24.157	1078.5
24.174	1085.6
24.191	1107.9
24.208	1106.2
24.225	1089.8
24.242	1069.4
24.259	1055.4
24.276	1053
24.293	1072.4
24.31	1102.5
24.327	1105.6
24.344	1121.1
24.361	1118.9
24.378	1094.1
24.395	1115.4
24.412	1110.6
24.429	1089.3
24.446	1096.4
24.463	1118.1
24.48	1117.8
24.497	1081.4
24.514	1048.2
24.531	1069.4
24.548	1075.9
24.565	1072.8
24.582	1116.5
24.599	1120.5
24.616	1072.4
24.633	1096.4
24.65	1118.4
24.667	1109.2
24.684	1143.2
24.701	1142.4
24.718	1118.6
24.735	1107.9
24.752	1088.2
24.769	1121.8
24.786	1110.9
24.803	1063.4
24.82	1077.5
24.837	1084.5
24.854	1063.9
24.871	1076.6
24.888	1090.2
24.905	1104.4
24.922	1119.1
24.939	1119.9
24.956	1124.1
24.973	1116.3
24.99	1111.8
25.007	1109.3
25.024	1097.8
25.041	1081.2
25.058	1076.2
25.075	1086.2
25.092	1088
25.109	1096.2
25.126	1108
25.143	1116.2
25.16	1134.2
25.177	1134.4
25.194	1110.5
25.211	1104.3
25.228	1124.8
25.245	1118.2
25.262	1096.6
25.279	1105.1
25.296	1119.6
25.313	1127.4
25.33	1125.5
25.347	1120.2
25.364	1119.6
25.381	1106.1
25.398	1110.8
25.415	1127.1
25.432	1152.2
25.449	1129.6
25.466	1105.6
25.483	1108
25.5	1117.4
25.517	1133.9
25.534	1110.6
25.551	1102.9
25.568	1098.4
25.585	1102.1
25.602	1134.9
25.619	1124.3
25.636	1105.9
25.653	1151.4
25.67	1151.5
25.687	1105.5
25.704	1105.7
25.721	1118.8
25.738	1129.2
25.755	1132.9
25.772	1144.9
25.789	1138
25.806	1101.5
25.823	1088.3
25.84	1093.9
25.857	1092.5
25.874	1120.1
25.891	1139.3
25.908	1156.4
25.925	1157.9
25.942	1133.4
25.959	1126.1
25.976	1126.8
25.993	1137.6
26.01	1146.9
26.027	1154
26.044	1144
26.061	1138.2
26.078	1120.9
26.095	1122.4
26.112	1145.9
26.129	1150.4
26.146	1148.9
26.163	1138.2
26.18	1131.9
26.197	1139.4
26.214	1130.9
26.231	1121.7
26.248	1135.2
26.265	1154.4
26.282	1163.4
26.299	1158.1
26.316	1149.5
26.333	1166.5
26.35	1198.4
26.367	1168.8
26.384	1124.2
26.401	1120.9
26.418	1132.5
26.435	1146.4
26.452	1149.6
26.469	1148.1
26.486	1141.6
26.503	1119.4
26.52	1129.1
26.537	1141.9
26.554	1170.8
26.571	1166.9
26.588	1164.8
26.605	1183.8
26.622	1132.5
26.639	1116.1
26.656	1124.4
26.673	1152.7
26.69	1155.6
26.707	1133.9
26.724	1132.5
26.741	1173.2
26.758	1198.5
26.775	1173.6
26.792	1184.4
26.809	1166.8
26.826	1138.4
26.843	1129.4
26.86	1130.8
26.877	1146.8
26.894	1158.5
26.911	1154.5
26.928	1161
26.945	1156.8
26.962	1161.3
26.979	1158.1
26.996	1166.4
27.013	1185.9
27.03	1191.1
27.047	1175.6
27.064	1155.4
27.081	1134.9
27.098	1176.3
27.115	1209.8
27.132	1194.4
27.149	1172.9
27.166	1181.5
27.183	1188.1
27.2	1178.5
27.217	1180.9
27.234	1164.3
27.251	1154.4
27.268	1169.4
27.285	1161.1
27.302	1160.4
27.319	1180.7
27.336	1161.8
27.353	1176.2
27.37	1178
27.387	1166.8
27.404	1162.1
27.421	1159.2
27.438	1180.8
27.455	1206.1
27.472	1184.7
27.489	1168.2
27.506	1189.5
27.523	1200.1
27.54	1192.3
27.557	1190.3
27.574	1181.4
27.591	1168.6
27.608	1174.7
27.625	1161.4
27.642	1172.9
27.659	1195.5
27.676	1187.6
27.693	1200.4
27.71	1185.8
27.727	1175.1
27.744	1194.3
27.761	1199.4
27.778	1182.7
27.795	1164.6
27.812	1169.5
27.829	1174.5
27.846	1179.9
27.863	1176.8
27.88	1201.2
27.897	1201.4
27.914	1197.6
27.931	1188.2
27.948	1180.9
27.965	1205.9
27.982	1182.7
27.999	1174.2
28.016	1188.4
28.033	1191.1
28.05	1177.8
28.067	1188.8
28.084	1217.8
28.101	1219
28.118	1200.9
28.135	1167.6
28.152	1177.2
28.169	1204.8
28.186	1189
28.203	1175.2
28.22	1194.7
28.237	1207.1
28.254	1202.6
28.271	1199.1
28.288	1202.4
28.305	1220
28.322	1206.5
28.339	1181.2
28.356	1190.1
28.373	1191.4
28.39	1189.5
28.407	1183
28.424	1190.9
28.441	1183.9
28.458	1180.1
28.475	1174.4
28.492	1156.2
28.509	1166.1
28.526	1217.5
28.543	1243.7
28.56	1230.6
28.577	1221.9
28.594	1198.6
28.611	1185.5
28.628	1198.5
28.645	1210.5
28.662	1254.1
28.679	1289.8
28.696	1212.2
28.713	1199.1
28.73	1191.6
28.747	1213.2
28.764	1242.9
28.781	1228.9
28.798	1201.5
28.815	1199.8
28.832	1217.7
28.849	1209.3
28.866	1208.9
28.883	1208.2
28.9	1201.9
28.917	1222.2
28.934	1248
28.951	1246.1
28.968	1207.6
28.985	1183.6
29.002	1207.8
29.019	1226.1
29.036	1208.4
29.053	1186.5
29.07	1189.2
29.087	1204.6
29.104	1212.4
29.121	1212.9
29.138	1207.1
29.155	1187.2
29.172	1188.5
29.189	1212.3
29.206	1226.6
29.223	1231.4
29.24	1240.2
29.257	1247.4
29.274	1241
29.291	1234.2
29.308	1239.8
29.325	1213.6
29.342	1209.2
29.359	1216.4
29.376	1219.8
29.393	1219.8
29.41	1213.8
29.427	1217.1
29.444	1221.9
29.461	1233.6
29.478	1208.3
29.495	1207.3
29.512	1236.6
29.529	1240.5
29.546	1235.6
29.563	1208.7
29.58	1219.4
29.597	1211.8
29.614	1203.2
29.631	1230.2
29.648	1273.7
29.665	1284.4
29.682	1243.2
29.699	1257.1
29.716	1223.8
29.733	1198.8
29.75	1241.9
29.767	1239.5
29.784	1247.8
29.801	1260.1
29.818	1228.5
29.835	1225.3
29.852	1234.5
29.869	1261.2
29.886	1280.9
29.903	1242.1
29.92	1202.5
29.937	1208.9
29.954	1226.3
29.971	1238.4
29.988	1266.3
30.005	1283.6
30.022	1259.8
30.039	1239.4
30.056	1247.3
30.073	1257.1
30.09	1242.6
30.107	1240.6
30.124	1239.8
30.141	1220.2
30.158	1234.2
30.175	1258.1
30.192	1246.6
30.209	1226.8
30.226	1232.5
30.243	1232.4
30.26	1232.9
30.277	1242.1
30.294	1236.2
30.311	1239.6
30.328	1247.4
30.345	1269
30.362	1270.5
30.379	1242.8
30.396	1229.1
30.413	1221.5
30.43	1228.8
30.447	1221.2
30.464	1240.7
30.481	1254.1
30.498	1260.5
30.515	1290.7
30.532	1254.3
30.549	1234.5
30.566	1267.7
30.583	1272.1
30.6	1263.2
30.617	1221.3
30.634	1214.6
30.651	1218.4
30.668	1236.1
30.685	1266.6
30.702	1243.6
30.719	1228.6
30.736	1224.6
30.753	1250.9
30.77	1248.6
30.787	1216.8
30.804	1234.1
30.821	1250.3
30.838	1264.9
30.855	1272
30.872	1258.7
30.889	1265.9
30.906	1272.3
30.923	1247.9
30.94	1225.9
30.957	1214.6
30.974	1221.5
30.991	1244.5
31.008	1265.1
31.025	1253.6
31.042	1246.3
31.059	1247.3
31.076	1246.9
31.093	1273.8
31.11	1318.1
31.127	1322.5
31.144	1276.6
31.161	1245.3
31.178	1240
31.195	1237.5
31.212	1242.2
31.229	1250.7
31.246	1243.1
31.263	1246
31.28	1256.8
31.297	1252.6
31.314	1251.6
31.331	1258.9
31.348	1266.7
31.365	1279.1
31.382	1276.2
31.399	1291.6
31.416	1278.9
31.433	1255.2
31.45	1289.9
31.467	1299.8
31.484	1306.4
31.501	1293.3
31.518	1247.5
31.535	1206.1
31.552	1235.4
31.569	1279.6
31.586	1271.3
31.603	1252.6
31.62	1262
31.637	1282.6
31.654	1306.2
31.671	1293.5
31.688	1275.9
31.705	1268.6
31.722	1292.9
31.739	1282.8
31.756	1272.4
31.773	1268.5
31.79	1209.1
31.807	1229.8
31.824	1257.2
31.841	1250.4
31.858	1237.1
31.875	1264
31.892	1275.8
31.909	1266.5
31.926	1263
31.943	1249.3
31.96	1244.4
31.977	1259.4
31.994	1291.5
32.011	1289.1
32.028	1254.6
32.045	1245.6
32.062	1245.5
32.079	1240.8
32.096	1237.4
32.113	1230.5
32.13	1247.9
32.147	1281.2
32.164	1284.9
32.181	1286.2
32.198	1279.6
32.215	1282.8
32.232	1283.2
32.249	1272.1
32.266	1269.9
32.283	1273.8
32.3	1269.4
32.317	1294.9
32.334	1281.8
32.351	1273.6
32.368	1283.2
32.385	1259.1
32.402	1286.8
32.419	1287.9
32.436	1258.6
32.453	1279.6
32.47	1279.5
32.487	1299.1
32.504	1312.6
32.521	1276.4
32.538	1250.8
32.555	1247.2
32.572	1277.2
32.589	1271.7
32.606	1268
32.623	1275.8
32.64	1275.7
32.657	1305.4
32.674	1304.4
32.691	1320.6
32.708	1310.7
32.725	1334.2
32.742	1336.9
32.759	1302.6
32.776	1288.9
32.793	1290.4
32.81	1260.5
32.827	1256.2
32.844	1267.2
32.861	1285.8
32.878	1260.4
32.895	1248.1
32.912	1264.6
32.929	1300.2
32.946	1310.6
32.963	1296.9
32.98	1269.9
32.997	1281.3
33.014	1305.2
33.031	1296.6
33.048	1276.9
33.065	1266.5
33.082	1276.2
33.099	1289.9
33.116	1299.5
33.133	1308.8
33.15	1309.2
33.167	1293.1
33.184	1295.9
33.201	1304.6
33.218	1309.4
33.235	1318.4
33.252	1288.3
33.269	1275.4
33.286	1302.1
33.303	1313.4
33.32	1304.8
33.337	1290.2
33.354	1275
33.371	1283.1
33.388	1309.8
33.405	1304.4
33.422	1307.4
33.439	1310.2
33.456	1301.8
33.473	1310.9
33.49	1288.1
33.507	1290.5
33.524	1286
33.541	1290.5
33.558	1310.8
33.575	1267.9
33.592	1312.7
33.609	1321.9
33.626	1306.4
33.643	1316.2
33.66	1308
33.677	1303.8
33.694	1294.7
33.711	1266.7
33.728	1285.5
33.745	1307.5
33.762	1310.8
33.779	1325
33.796	1318.2
33.813	1341.9
33.83	1328.4
33.847	1294.1
33.864	1296.9
33.881	1328.7
33.898	1342.5
33.915	1307.1
33.932	1285.4
33.949	1302.9
33.966	1323.2
33.983	1324.2
34	1309.7
34.017	1317.8
34.034	1346.3
34.051	1350.3
34.068	1332.5
34.085	1320.8
34.102	1296.6
34.119	1289.3
34.136	1314.7
34.153	1330
34.17	1320.1
34.187	1321.6
34.204	1340.3
34.221	1335.8
34.238	1323.4
34.255	1300.3
34.272	1296.6
34.289	1303.5
34.306	1313.7
34.323	1339.2
34.34	1363.1
34.357	1356.4
34.374	1335.2
34.391	1301.5
34.408	1290.6
34.425	1308.4
34.442	1322.2
34.459	1290.6
34.476	1332.9
34.493	1363.1
34.51	1330.8
34.527	1303.8
34.544	1315.4
34.561	1329.6
34.578	1315.4
34.595	1360.5
34.612	1338.5
34.629	1322.7
34.646	1338.8
34.663	1333.8
34.68	1321.3
34.697	1315.2
34.714	1320.6
34.731	1330.4
34.748	1312.5
34.765	1307.4
34.782	1338
34.799	1341.7
34.816	1344.9
34.833	1321
34.85	1292.6
34.867	1306.1
34.884	1322.8
34.901	1322.4
34.918	1325.8
34.935	1338.5
34.952	1339.2
34.969	1328.5
34.986	1329.5
35.003	1333.1
35.02	1314.2
35.037	1291.4
35.054	1298.9
35.071	1319.2
35.088	1329.6
35.105	1341.5
35.122	1343.1
35.139	1338.4
35.156	1345.7
35.173	1333.1
35.19	1340.1
35.207	1351.8
35.224	1374.8
35.241	1393.1
35.258	1378.7
35.275	1362.8
35.292	1350.7
35.309	1325.3
35.326	1316.2
35.343	1313.5
35.36	1305.6
35.377	1321.7
35.394	1311.8
35.411	1307.3
35.428	1318
35.445	1327.6
35.462	1354.8
35.479	1349.9
35.496	1369.5
35.513	1378.2
35.53	1393.8
35.547	1367.3
35.564	1346.9
35.581	1375.4
35.598	1389.1
35.615	1335.4
35.632	1317.7
35.649	1339
35.666	1326.4
35.683	1360.9
35.7	1383.1
35.717	1366
35.734	1354.5
35.751	1347.5
35.768	1353.2
35.785	1339.9
35.802	1333.7
35.819	1339.3
35.836	1370.1
35.853	1379
35.87	1361.9
35.887	1377.9
35.904	1381
35.921	1358.1
35.938	1359.8
35.955	1387.4
35.972	1409.6
35.989	1390.9
36.006	1377.5
36.023	1378.1
36.04	1366.2
36.057	1367.8
36.074	1379
36.091	1351.3
36.108	1335.5
36.125	1353.5
36.142	1358.4
36.159	1347.8
36.176	1335.6
36.193	1343.2
36.21	1344.3
36.227	1322.4
36.244	1337.3
36.261	1365.8
36.278	1349.6
36.295	1361.2
36.312	1372.4
36.329	1345.9
36.346	1365.2
36.363	1370.1
36.38	1340.6
36.397	1338.8
36.414	1354
36.431	1358.2
36.448	1359.1
36.465	1377.4
36.482	1387.9
36.499	1446.8
36.516	1474.4
36.533	1406.5
36.55	1396.1
36.567	1398.8
36.584	1420.1
36.601	1379.1
36.618	1357.1
36.635	1369.5
36.652	1365.3
36.669	1319
36.686	1318.6
36.703	1352.8
36.72	1348.4
36.737	1352.4
36.754	1365.6
36.771	1374.5
36.788	1326.2
36.805	1334.6
36.822	1364.6
36.839	1347.4
36.856	1361.2
36.873	1371.4
36.89	1357.4
36.907	1366.5
36.924	1392.9
36.941	1387.6
36.958	1355.9
36.975	1360.7
36.992	1391.2
37.009	1407.2
37.026	1377.2
37.043	1350.1
37.06	1372.5
37.077	1392.7
37.094	1381
37.111	1373.5
37.128	1379.5
37.145	1394.5
37.162	1409.4
37.179	1388.1
37.196	1361.8
37.213	1360.5
37.23	1365.2
37.247	1375.8
37.264	1361.6
37.281	1348.1
37.298	1349.1
37.315	1350.2
37.332	1376
37.349	1375.4
37.366	1378.1
37.383	1393.5
37.4	1356.2
37.417	1372.4
37.434	1380.1
37.451	1387.5
37.468	1397
37.485	1367.2
37.502	1353.8
37.519	1379.5
37.536	1388.9
37.553	1411.9
37.57	1417.6
37.587	1391.5
37.604	1407.9
37.621	1415.4
37.638	1394.9
37.655	1381.1
37.672	1398.4
37.689	1408.3
37.706	1389.7
37.723	1403.5
37.74	1434.5
37.757	1427.8
37.774	1398.7
37.791	1395.1
37.808	1397.4
37.825	1373.9
37.842	1375
37.859	1394.9
37.876	1413.9
37.893	1411.5
37.91	1405.4
37.927	1420.5
37.944	1419.2
37.961	1394.8
37.978	1380.5
37.995	1396.1
38.012	1398.7
38.029	1378.2
38.046	1365.1
38.063	1369.5
38.08	1402.9
38.097	1417.1
38.114	1398.1
38.131	1400.5
38.148	1405.8
38.165	1408.4
38.182	1422
38.199	1416.5
38.216	1409.8
38.233	1393.1
38.25	1403
38.267	1385.4
38.284	1365.8
38.301	1396.5
38.318	1409.1
38.335	1415
38.352	1393.1
38.369	1372.3
38.386	1359.6
38.403	1377.8
38.42	1427.2
38.437	1420.5
38.454	1414.6
38.471	1430.4
38.488	1411.4
38.505	1416.1
38.522	1415
38.539	1426.4
38.556	1424.5
38.573	1408.1
38.59	1425.5
38.607	1383.2
38.624	1392.3
38.641	1405.1
38.658	1386.4
38.675	1411.2
38.692	1438.5
38.709	1426.1
38.726	1425.4
38.743	1401.2
38.76	1382.1
38.777	1392
38.794	1418.9
38.811	1432.3
38.828	1407.5
38.845	1399.4
38.862	1417.3
38.879	1429.5
38.896	1423.9
38.913	1427.2
38.93	1442.6
38.947	1463.9
38.964	1479.4
38.981	1467.5
38.998	1435.1
39.015	1412.9
39.032	1427
39.049	1442.4
39.066	1441.8
39.083	1415.6
39.1	1397.5
39.117	1414.2
39.134	1446.2
39.151	1460.1
39.168	1465.8
39.185	1470.8
39.202	1442.9
39.219	1416.8
39.236	1395.1
39.253	1395.5
39.27	1407.4
39.287	1426.9
39.304	1427.1
39.321	1395.6
39.338	1423.7
39.355	1477.4
39.372	1452.4
39.389	1432.8
39.406	1434.1
39.423	1428.5
39.44	1438.5
39.457	1396.5
39.474	1401.3
39.491	1443.1
39.508	1442.7
39.525	1427.8
39.542	1410.9
39.559	1417.7
39.576	1410.4
39.593	1418.5
39.61	1414.2
39.627	1432.8
39.644	1446.2
39.661	1434.1
39.678	1440.4
39.695	1418.6
39.712	1415
39.729	1424.3
39.746	1420.5
39.763	1443.6
39.78	1455.5
39.797	1459
39.814	1455.7
39.831	1442.8
39.848	1435.1
39.865	1448.4
39.882	1447.5
39.899	1427.7
39.916	1437
39.933	1457.4
39.95	1446.1
39.967	1431.1
39.984	1434.8
40.001	1438.5
40.018	1432.1
40.035	1407.3
40.052	1392
40.069	1401.9
40.086	1433.3
40.103	1471.6
40.12	1466.3
40.137	1400.1
40.154	1374.1
40.171	1405.8
40.188	1423.9
40.205	1450.4
40.222	1475
40.239	1471
40.256	1449.4
40.273	1437.9
40.29	1430.8
40.307	1456.7
40.324	1480.8
40.341	1478.6
40.358	1468.5
40.375	1435.2
40.392	1421.8
40.409	1455.8
40.426	1465.4
40.443	1451.8
40.46	1454.9
40.477	1469.4
40.494	1450.4
40.511	1412.5
40.528	1446.6
40.545	1478.6
40.562	1439.2
40.579	1417.8
40.596	1443.5
40.613	1456.9
40.63	1453.4
40.647	1440.8
40.664	1452.6
40.681	1426.5
40.698	1445.9
40.715	1453.7
40.732	1440.1
40.749	1424.5
40.766	1448
40.783	1458
40.8	1462.9
40.817	1463.8
40.834	1464.5
40.851	1471
40.868	1457.7
40.885	1463.7
40.902	1462.1
40.919	1432.2
40.936	1432.6
40.953	1445
40.97	1448.7
40.987	1454
41.004	1445.8
41.021	1436.5
41.038	1433.4
41.055	1423.2
41.072	1437.2
41.089	1479.6
41.106	1501.2
41.123	1494.1
41.14	1494.2
41.157	1489.7
41.174	1490.1
41.191	1469.8
41.208	1453.9
41.225	1469.5
41.242	1475.3
41.259	1483.5
41.276	1505.5
41.293	1467.6
41.31	1427.9
41.327	1429.4
41.344	1473.9
41.361	1520.8
41.378	1506.9
41.395	1442.5
41.412	1426.7
41.429	1509.9
41.446	1545.6
41.463	1484.4
41.48	1494
41.497	1453.2
41.514	1453.6
41.531	1462.6
41.548	1495.9
41.565	1509.8
41.582	1456.3
41.599	1442.4
41.616	1490.3
41.633	1499.8
41.65	1487.1
41.667	1469.5
41.684	1437.9
41.701	1471.5
41.718	1502.8
41.735	1504.5
41.752	1491.8
41.769	1510.7
41.786	1525.3
41.803	1511.2
41.82	1514.2
41.837	1518.5
41.854	1515
41.871	1505.4
41.888	1512.6
41.905	1517.9
41.922	1508.7
41.939	1506.1
41.956	1504.9
41.973	1503.9
41.99	1508.1
42.007	1506.9
42.024	1519.6
42.041	1536.1
42.058	1525.5
42.075	1510.6
42.092	1521.8
42.109	1517.9
42.126	1515.8
42.143	1526.9
42.16	1530.3
42.177	1511.3
42.194	1511.8
42.211	1517.5
42.228	1528.8
42.245	1541.8
42.262	1529.6
42.279	1529.8
42.296	1540.9
42.313	1553.8
42.33	1547.1
42.347	1537.9
42.364	1523.5
42.381	1517.3
42.398	1522.9
42.415	1533.5
42.432	1555.5
42.449	1540.6
42.466	1553.7
42.483	1548
42.5	1501.1
42.517	1514.5
42.534	1551.1
42.551	1534.4
42.568	1568.9
42.585	1593.1
42.602	1593.8
42.619	1619.9
42.636	1592.4
42.653	1546.3
42.67	1540.3
42.687	1525.8
42.704	1528.6
42.721	1538.8
42.738	1547.9
42.755	1541.7
42.772	1534.9
42.789	1551.8
42.806	1593.2
42.823	1613.6
42.84	1605.3
42.857	1577.2
42.874	1557.4
42.891	1569
42.908	1606.7
42.925	1627.9
42.942	1624.1
42.959	1674.4
42.976	1782.8
42.993	1845.5
43.01	1844.6
43.027	1870.6
43.044	1972.4
43.061	2066.1
43.078	2128.2
43.095	2173.3
43.112	2220.8
43.129	2377.1
43.146	2674.4
43.163	3168.9
43.18	4025.7
43.197	5575.3
43.214	8274.6
43.231	12563.4
43.248	17686.5
43.265	20925.3
43.282	20563.2
43.299	17869.9
43.316	14559.9
43.333	11772.6
43.35	9708.1
43.367	7619.9
43.384	5667.9
43.401	4171.2
43.418	3302.6
43.435	2750.3
43.452	2475.4
43.469	2177.2
43.486	1972.2
43.503	1797
43.52	1706.2
43.537	1734.4
43.554	1705.1
43.571	1726
43.588	1774.4
43.605	1786.4
43.622	1808.2
43.639	1769.2
43.656	1719.2
43.673	1699.3
43.69	1642.1
43.707	1624.6
43.724	1628.5
43.741	1630.1
43.758	1610.2
43.775	1603.5
43.792	1619.6
43.809	1610.4
43.826	1599.6
43.843	1603.6
43.86	1607.2
43.877	1605.7
43.894	1583.7
43.911	1556.9
43.928	1567.6
43.945	1579.2
43.962	1580.8
43.979	1590.4
43.996	1556.2
44.013	1541.9
44.03	1545.8
44.047	1529.4
44.064	1562.2
44.081	1579.5
44.098	1575.1
44.115	1597.8
44.132	1588.1
44.149	1530.7
44.166	1538.8
44.183	1553.3
44.2	1558.7
44.217	1578.9
44.234	1579
44.251	1550.9
44.268	1558.8
44.285	1594.2
44.302	1566.1
44.319	1550.8
44.336	1559.3
44.353	1569.1
44.37	1573.9
44.387	1566.7
44.404	1548.5
44.421	1532.5
44.438	1532.4
44.455	1582.1
44.472	1536.8
44.489	1541.2
44.506	1561.1
44.523	1561.4
44.54	1543.9
44.557	1527.9
44.574	1509.4
44.591	1550.2
44.608	1567.1
44.625	1547.5
44.642	1536.2
44.659	1520.5
44.676	1515.6
44.693	1530.8
44.71	1561.8
44.727	1573
44.744	1549.8
44.761	1537.6
44.778	1553.6
44.795	1559.7
44.812	1557.9
44.829	1556.2
44.846	1540.6
44.863	1543.2
44.88	1557.9
44.897	1558.2
44.914	1581.4
44.931	1574.4
44.948	1527.6
44.965	1527.3
44.982	1543.2
44.999	1553.2
45.016	1571.6
45.033	1566.6
45.05	1531.2
45.067	1524
45.084	1551.4
45.101	1574.4
45.118	1585.4
45.135	1563.2
45.152	1565.2
45.169	1588.6
45.186	1581.4
45.203	1616.2
45.22	1634.1
45.237	1634.5
45.254	1693.1
45.271	1656.4
45.288	1612.8
45.305	1637.8
45.322	1629.1
45.339	1552.5
45.356	1556.7
45.373	1577.9
45.39	1562.5
45.407	1560.5
45.424	1556
45.441	1543.3
45.458	1557.7
45.475	1559.1
45.492	1575.4
45.509	1556.1
45.526	1565.1
45.543	1583.2
45.56	1550.9
45.577	1528
45.594	1532
45.611	1538.8
45.628	1511.4
45.645	1521.6
45.662	1557.3
45.679	1559.1
45.696	1569
45.713	1592.7
45.73	1596.4
45.747	1576.3
45.764	1539.1
45.781	1518.3
45.798	1520.8
45.815	1529.1
45.832	1525
45.849	1526.2
45.866	1532.5
45.883	1531.2
45.9	1515.1
45.917	1519.1
45.934	1542.4
45.951	1543.1
45.968	1524.5
45.985	1527.9
46.002	1548.6
46.019	1543.6
46.036	1527.9
46.053	1532.5
46.07	1521.6
46.087	1525
46.104	1544.2
46.121	1537.2
46.138	1538.5
46.155	1563.9
46.172	1576.1
46.189	1560.4
46.206	1548.4
46.223	1520.2
46.24	1504.5
46.257	1523.7
46.274	1536.5
46.291	1548.8
46.308	1515.9
46.325	1567
46.342	1546.6
46.359	1500.5
46.376	1519.1
46.393	1517.9
46.41	1529.7
46.427	1548
46.444	1531
46.461	1523.9
46.478	1529.2
46.495	1536.4
46.512	1546.9
46.529	1544
46.546	1535.2
46.563	1551.4
46.58	1573.6
46.597	1557.5
46.614	1508.4
46.631	1502.8
46.648	1545.9
46.665	1537.8
46.682	1526.3
46.699	1545.9
46.716	1536.9
46.733	1516.5
46.75	1527
46.767	1535.4
46.784	1537.1
46.801	1553.3
46.818	1557.3
46.835	1525.1
46.852	1525.3
46.869	1578.5
46.886	1585.6
46.903	1548.9
46.92	1529
46.937	1514.9
46.954	1504.9
46.971	1519.6
46.988	1558.1
47.005	1547.1
47.022	1532.8
47.039	1565.5
47.056	1545.2
47.073	1502.1
47.09	1516
47.107	1544.4
47.124	1540.8
47.141	1537.4
47.158	1529.6
47.175	1523.6
47.192	1540
47.209	1565.8
47.226	1581
47.243	1593.1
47.26	1563.1
47.277	1537.4
47.294	1543.3
47.311	1527.4
47.328	1533.2
47.345	1478.5
47.362	1480.4
47.379	1540.1
47.396	1539.4
47.413	1520.4
47.43	1520.6
47.447	1531.1
47.464	1542.9
47.481	1550.2
47.498	1552.1
47.515	1521
47.532	1507.7
47.549	1517
47.566	1530
47.583	1530.7
47.6	1548.5
47.617	1542.9
47.634	1523.8
47.651	1537.6
47.668	1563.4
47.685	1539.6
47.702	1526.4
47.719	1531.6
47.736	1507.9
47.753	1490.4
47.77	1511.2
47.787	1522.2
47.804	1526.2
47.821	1555.4
47.838	1548.7
47.855	1507.1
47.872	1486.7
47.889	1508.1
47.906	1534.7
47.923	1540.4
47.94	1529.9
47.957	1513.6
47.974	1524.5
47.991	1526.2
48.008	1519.4
48.025	1512.8
48.042	1475.2
48.059	1502.9
48.076	1539.6
48.093	1531.6
48.11	1537.1
48.127	1532.4
48.144	1507.8
48.161	1519.5
48.178	1504.4
48.195	1496.6
48.212	1505.9
48.229	1543.6
48.246	1556
48.263	1549.3
48.28	1525.6
48.297	1486.2
48.314	1499.9
48.331	1540.5
48.348	1538.6
48.365	1499.1
48.382	1508
48.399	1489.4
48.416	1519.4
48.433	1562.3
48.45	1520.1
48.467	1520.3
48.484	1568.2
48.501	1567.2
48.518	1545.2
48.535	1559.4
48.552	1581.4
48.569	1575.2
48.586	1555.1
48.603	1617.6
48.62	1661.4
48.637	1617.7
48.654	1575.9
48.671	1587
48.688	1590.4
48.705	1583.9
48.722	1588.4
48.739	1591.5
48.756	1595.8
48.773	1594.9
48.79	1580.9
48.807	1576.9
48.824	1608.4
48.841	1606.8
48.858	1564.3
48.875	1557.2
48.892	1583
48.909	1595.6
48.926	1576.8
48.943	1567.5
48.96	1595.7
48.977	1657.4
48.994	1657.5
49.011	1605.2
49.028	1606.6
49.045	1621.6
49.062	1700.4
49.079	1724.6
49.096	1616.4
49.113	1581.5
49.13	1590.9
49.147	1599.5
49.164	1620
49.181	1627.2
49.198	1611.9
49.215	1617.2
49.232	1623.5
49.249	1639.5
49.266	1620.1
49.283	1609.6
49.3	1647.2
49.317	1610.4
49.334	1651.4
49.351	1692.2
49.368	1618.1
49.385	1620.6
49.402	1647.3
49.419	1648.5
49.436	1605.5
49.453	1616.7
49.47	1638.8
49.487	1634
49.504	1660.6
49.521	1660.9
49.538	1638.5
49.555	1619.6
49.572	1621.1
49.589	1634.4
49.606	1670
49.623	1698.6
49.64	1655.2
49.657	1651.8
49.674	1706.8
49.691	1723.3
49.708	1666.1
49.725	1659.7
49.742	1680.4
49.759	1668.2
49.776	1633.8
49.793	1634.1
49.81	1656.5
49.827	1667.1
49.844	1653.1
49.861	1650.5
49.878	1686.4
49.895	1703.3
49.912	1678.9
49.929	1672.2
49.946	1716.4
49.963	1736.1
49.98	1679.6
49.997	1711
50.014	1811.9
50.031	1877
50.048	1927.6
50.065	2024.1
50.082	2148.4
50.099	2247.1
50.116	2409.1
50.133	2526.5
50.15	2619.5
50.167	2817.1
50.184	2934.5
50.201	2988.1
50.218	3083
50.235	3278.1
50.252	3712.3
50.269	4376.1
50.286	5518.8
50.303	7899.6
50.32	12466.4
50.337	20147.1
50.354	31434.3
50.371	44811.7
50.388	55227.2
50.405	58012
50.422	53372.9
50.439	44743.2
50.456	35180.5
50.473	26534.1
50.49	18962.6
50.507	12626.8
50.524	8495
50.541	5920.6
50.558	4507.2
50.575	3961.4
50.592	3601.5
50.609	3311.4
50.626	3206.7
50.643	3001.5
50.66	2725.6
50.677	2557.2
50.694	2386.6
50.711	2112.4
50.728	1945.9
50.745	1900.1
50.762	1795.2
50.779	1748.4
50.796	1762.9
50.813	1723.9
50.83	1738.5
50.847	1810.5
50.864	1829.2
50.881	1830.8
50.898	1857.6
50.915	1810.3
50.932	1746.4
50.949	1772.9
50.966	1727.9
50.983	1669.1
51	1671.6
51.017	1672.4
51.034	1669.1
51.051	1681.2
51.068	1687
51.085	1694.5
51.102	1709.1
51.119	1718.5
51.136	1698.7
51.153	1653.8
51.17	1602.2
51.187	1635.9
51.204	1639.3
51.221	1624.9
51.238	1605
51.255	1592.9
51.272	1640.6
51.289	1703.5
51.306	1669.4
51.323	1642.1
51.34	1628.5
51.357	1598.8
51.374	1585.1
51.391	1592
51.408	1611.6
51.425	1611
51.442	1602.8
51.459	1605
51.476	1627.1
51.493	1618.9
51.51	1614.5
51.527	1621.5
51.544	1614.2
51.561	1619.3
51.578	1600.8
51.595	1592.3
51.612	1606.2
51.629	1605
51.646	1591
51.663	1563.2
51.68	1563.1
51.697	1574.9
51.714	1579.3
51.731	1586.2
51.748	1561.8
51.765	1550.4
51.782	1581.2
51.799	1617.4
51.816	1625.1
51.833	1604.5
51.85	1584.7
51.867	1580.1
51.884	1566.8
51.901	1560.6
51.918	1552.5
51.935	1562.6
51.952	1571.2
51.969	1563.8
51.986	1564.9
52.003	1568.3
52.02	1555.9
52.037	1575.6
52.054	1578.6
52.071	1563.8
52.088	1559.8
52.105	1543.6
52.122	1584.1
52.139	1590.2
52.156	1558.3
52.173	1552.2
52.19	1550.2
52.207	1561.4
52.224	1585.2
52.241	1582.9
52.258	1556.3
52.275	1542.6
52.292	1568.5
52.309	1577.7
52.326	1550
52.343	1551.4
52.36	1560.4
52.377	1575.8
52.394	1554.8
52.411	1560.9
52.428	1570.5
52.445	1564.9
52.462	1579.2
52.479	1591.2
52.496	1561.2
52.513	1563.5
52.53	1540.5
52.547	1531.9
52.564	1547.2
52.581	1566.4
52.598	1566.3
52.615	1551
52.632	1551.4
52.649	1553.2
52.666	1575.2
52.683	1598.6
52.7	1569.2
52.717	1514.9
52.734	1496.8
52.751	1539.8
52.768	1574.3
52.785	1574.1
52.802	1561.6
52.819	1560.2
52.836	1573.1
52.853	1571.2
52.87	1546.4
52.887	1538.9
52.904	1553.1
52.921	1551.9
52.938	1554.8
52.955	1547.6
52.972	1541.6
52.989	1537.8
53.006	1521.2
53.023	1508.8
53.04	1497.9
53.057	1529.5
53.074	1565.8
53.091	1536.5
53.108	1548.4
53.125	1565.4
53.142	1578.2
53.159	1531.5
53.176	1508.2
53.193	1519.2
53.21	1517.9
53.227	1525.4
53.244	1508.2
53.261	1513.9
53.278	1555.3
53.295	1550.4
53.312	1523.2
53.329	1532.2
53.346	1521.4
53.363	1521.3
53.38	1501.5
53.397	1492.1
53.414	1516.4
53.431	1557.4
53.448	1535.4
53.465	1505.9
53.482	1516.2
53.499	1523.4
53.516	1523.9
53.533	1523.5
53.55	1518.2
53.567	1520.4
53.584	1521.8
53.601	1538.2
53.618	1555.1
53.635	1537.3
53.652	1524.1
53.669	1549.2
53.686	1578.5
53.703	1562.2
53.72	1558
53.737	1586.2
53.754	1584.4
53.771	1560.9
53.788	1571.9
53.805	1572.1
53.822	1528.5
53.839	1517.1
53.856	1515.5
53.873	1515.2
53.89	1521.9
53.907	1515.7
53.924	1533.2
53.941	1575.7
53.958	1570.8
53.975	1544.1
53.992	1540.4
54.009	1537.2
54.026	1530.4
54.043	1501.4
54.06	1500.6
54.077	1527.8
54.094	1565.5
54.111	1569.2
54.128	1552.1
54.145	1543.7
54.162	1520.9
54.179	1538
54.196	1531
54.213	1527.2
54.23	1512.5
54.247	1519.4
54.264	1569.2
54.281	1530.4
54.298	1508.3
54.315	1507.5
54.332	1497.4
54.349	1513.2
54.366	1500.1
54.383	1523.5
54.4	1537.7
54.417	1553.5
54.434	1537.9
54.451	1534.2
54.468	1532.2
54.485	1529.8
54.502	1538.7
54.519	1561.4
54.536	1544
54.553	1527.9
54.57	1562
54.587	1555.4
54.604	1551.4
54.621	1547.5
54.638	1515.4
54.655	1495.9
54.672	1515.6
54.689	1537.6
54.706	1538.2
54.723	1556.9
54.74	1576.9
54.757	1559.5
54.774	1543.4
54.791	1550.2
54.808	1566.4
54.825	1579.5
54.842	1564.9
54.859	1552.6
54.876	1567.9
54.893	1555
54.91	1550.4
54.927	1565.4
54.944	1563.6
54.961	1556.7
54.978	1569.9
54.995	1563.7
55.012	1538.4
55.029	1526.7
55.046	1536.4
55.063	1512.8
55.08	1539
55.097	1566.6
55.114	1546.5
55.131	1545.5
55.148	1530.9
55.165	1529.7
55.182	1541.1
55.199	1503.3
55.216	1522.3
55.233	1531.9
55.25	1512.5
55.267	1524.5
55.284	1501.4
55.301	1494.5
55.318	1521.1
55.335	1530.1
55.352	1521.5
55.369	1532.5
55.386	1503.8
55.403	1535.6
55.42	1565
55.437	1541.9
55.454	1503.2
55.471	1496.6
55.488	1515.1
55.505	1547.5
55.522	1549.1
55.539	1531.6
55.556	1531
55.573	1526.9
55.59	1509.1
55.607	1484.6
55.624	1486.8
55.641	1509.9
55.658	1517
55.675	1522.4
55.692	1529.2
55.709	1528
55.726	1518.9
55.743	1510.1
55.76	1531.6
55.777	1551.1
55.794	1546.2
55.811	1536.8
55.828	1530.4
55.845	1523.6
55.862	1515.8
55.879	1537.3
55.896	1525.5
55.913	1503.2
55.93	1500.9
55.947	1499.1
55.964	1522.3
55.981	1543.3
55.998	1501.8
56.015	1458.6
56.032	1490.4
56.049	1500.3
56.066	1502.6
56.083	1529.6
56.1	1510.4
56.117	1514.2
56.134	1516
56.151	1514.6
56.168	1543.5
56.185	1536.9
56.202	1500.6
56.219	1508.4
56.236	1511.4
56.253	1531.8
56.27	1520.8
56.287	1505.8
56.304	1539.9
56.321	1522.1
56.338	1518.6
56.355	1514.9
56.372	1476.6
56.389	1466.9
56.406	1479.6
56.423	1508.2
56.44	1503.8
56.457	1477.6
56.474	1467.4
56.491	1461.8
56.508	1467.8
56.525	1503.4
56.542	1520.3
56.559	1512.1
56.576	1509.2
56.593	1524.2
56.61	1538.5
56.627	1522.5
56.644	1520.5
56.661	1548.1
56.678	1554.5
56.695	1534.8
56.712	1519.4
56.729	1502.6
56.746	1493.6
56.763	1507.5
56.78	1518.2
56.797	1495.6
56.814	1486.9
56.831	1526.2
56.848	1564.6
56.865	1539.4
56.882	1506.5
56.899	1529.6
56.916	1526.5
56.933	1500.8
56.95	1487.1
56.967	1510.1
56.984	1502.3
57.001	1510.6
57.018	1523.8
57.035	1519.9
57.052	1527.8
57.069	1512.9
57.086	1502.4
57.103	1525.4
57.12	1524.8
57.137	1503.9
57.154	1498.8
57.171	1519.9
57.188	1501.5
57.205	1453.8
57.222	1463.9
57.239	1488.4
57.256	1510.5
57.273	1531.1
57.29	1509
57.307	1469
57.324	1453.8
57.341	1450.5
57.358	1495.5
57.375	1513.8
57.392	1506.1
57.409	1542.9
57.426	1548.7
57.443	1501.4
57.46	1505
57.477	1503.2
57.494	1524.1
57.511	1537.4
57.528	1525.6
57.545	1506.8
57.562	1503.4
57.579	1508.4
57.596	1513.2
57.613	1506.2
57.63	1497.3
57.647	1482.8
57.664	1513.2
57.681	1558.3
57.698	1544.1
57.715	1510.8
57.732	1510.6
57.749	1524.6
57.766	1503.5
57.783	1477.4
57.8	1503.6
57.817	1519.4
57.834	1502.6
57.851	1505.2
57.868	1512.1
57.885	1490.9
57.902	1495.3
57.919	1511.2
57.936	1512.2
57.953	1517.6
57.97	1519.6
57.987	1503.2
58.004	1500.4
58.021	1498.9
58.038	1479.8
58.055	1499.4
58.072	1532.6
58.089	1506.4
58.106	1479.1
58.123	1482.3
58.14	1508.5
58.157	1524.2
58.174	1515.6
58.191	1501.7
58.208	1497.4
58.225	1500.1
58.242	1512.9
58.259	1510.5
58.276	1504.7
58.293	1528.4
58.31	1534.6
58.327	1532.2
58.344	1515.1
58.361	1523.9
58.378	1528.4
58.395	1531.1
58.412	1520.4
58.429	1497.7
58.446	1493
58.463	1508.6
58.48	1538.8
58.497	1535.6
58.514	1513.8
58.531	1514.5
58.548	1523.4
58.565	1523.6
58.582	1505.2
58.599	1500.6
58.616	1519.1
58.633	1533.6
58.65	1526.9
58.667	1523.5
58.684	1527.5
58.701	1507.4
58.718	1495.5
58.735	1495.3
58.752	1502.1
58.769	1497.6
58.786	1488.6
58.803	1517.4
58.82	1543.9
58.837	1517.3
58.854	1496.2
58.871	1508.6
58.888	1528.9
58.905	1513.1
58.922	1522.6
58.939	1512.4
58.956	1494.7
58.973	1515.6
58.99	1490.9
59.007	1477.6
59.024	1475.6
59.041	1507.8
59.058	1508.4
59.075	1494.9
59.092	1511.8
59.109	1479.7
59.126	1496.8
59.143	1515.6
59.16	1522.3
59.177	1548.4
59.194	1502.2
59.211	1473.8
59.228	1520.1
59.245	1532
59.262	1510.8
59.279	1514.8
59.296	1518.5
59.313	1518.6
59.33	1527.6
59.347	1510.9
59.364	1484.3
59.381	1487.6
59.398	1512.8
59.415	1537.6
59.432	1537.1
59.449	1513.9
59.466	1496.1
59.483	1496.8
59.5	1519.5
59.517	1527.4
59.534	1517.1
59.551	1506.8
59.568	1495.8
59.585	1504.9
59.602	1513.1
59.619	1533.5
59.636	1512.8
59.653	1475.6
59.67	1485.8
59.687	1513.5
59.704	1528.4
59.721	1514.8
59.738	1514.6
59.755	1504.2
59.772	1474.1
59.789	1469.8
59.806	1504.1
59.823	1529.9
59.84	1525.8
59.857	1523.5
59.874	1501.6
59.891	1486.4
59.908	1524.2
59.925	1526.6
59.942	1542.4
59.959	1521.8
59.976	1528.6
59.993	1525.4
60.01	1508.4
60.027	1511.1
60.044	1483
60.061	1471.5
60.078	1500.5
60.095	1505.6
60.112	1524.5
60.129	1527.8
60.146	1497.8
60.163	1508.4
60.18	1506.2
60.197	1485.4
60.214	1493.5
60.231	1506.5
60.248	1521.8
60.265	1516.2
60.282	1520.1
60.299	1508.9
60.316	1512.5
60.333	1506.6
60.35	1486
60.367	1508.4
60.384	1521.9
60.401	1514.4
60.418	1519.8
60.435	1530.6
60.452	1513.9
60.469	1503.8
60.486	1524.1
60.503	1511.4
60.52	1500.5
60.537	1531.4
60.554	1547.9
60.571	1546.1
60.588	1543.8
60.605	1529.9
60.622	1523.3
60.639	1521.3
60.656	1527.2
60.673	1506.8
60.69	1472.5
60.707	1463.6
60.724	1461.8
60.741	1497.2
60.758	1511.3
60.775	1470.2
60.792	1471.1
60.809	1494.3
60.826	1510.2
60.843	1518.6
60.86	1516.9
60.877	1480.8
60.894	1476.7
60.911	1503.4
60.928	1496.8
60.945	1499.6
60.962	1503.5
60.979	1520
60.996	1510.9
61.013	1496.4
61.03	1510.9
61.047	1539.5
61.064	1545.2
61.081	1544.4
61.098	1540.9
61.115	1516.5
61.132	1504
61.149	1534.7
61.166	1523.6
61.183	1498.8
61.2	1521.1
61.217	1516.3
61.234	1498.9
61.251	1508.4
61.268	1558.5
61.285	1579.5
61.302	1524.1
61.319	1486.7
61.336	1477.8
61.353	1497.5
61.37	1526.8
61.387	1519.1
61.404	1478.7
61.421	1491.7
61.438	1532.2
61.455	1532.2
61.472	1492.8
61.489	1488.4
61.506	1516.3
61.523	1524.9
61.54	1507.4
61.557	1513.8
61.574	1504.6
61.591	1492.8
61.608	1492.2
61.625	1485.4
61.642	1475.1
61.659	1505.6
61.676	1543.8
61.693	1523.1
61.71	1511.2
61.727	1541.6
61.744	1539.2
61.761	1531.6
61.778	1548.5
61.795	1524.4
61.812	1515.2
61.829	1534.1
61.846	1528.6
61.863	1530.3
61.88	1522.4
61.897	1522.3
61.914	1505.4
61.931	1511.6
61.948	1524.4
61.965	1538.2
61.982	1516.6
61.999	1473
62.016	1482.3
62.033	1481.4
62.05	1513.5
62.067	1513.9
62.084	1517.4
62.101	1550.9
62.118	1525.2
62.135	1483
62.152	1504.6
62.169	1513.4
62.186	1457.5
62.203	1504.9
62.22	1521.3
62.237	1505.5
62.254	1504.2
62.271	1473.9
62.288	1456.9
62.305	1459.2
62.322	1463.2
62.339	1467.6
62.356	1505.6
62.373	1523.5
62.39	1509.2
62.407	1501.7
62.424	1509.9
62.441	1519.8
62.458	1509.5
62.475	1468.6
62.492	1470.6
62.509	1503.4
62.526	1497.4
62.543	1491.3
62.56	1498.1
62.577	1495.2
62.594	1489.1
62.611	1500.6
62.628	1513.8
62.645	1518.3
62.662	1511.9
62.679	1486.9
62.696	1487.2
62.713	1504.8
62.73	1503
62.747	1511.6
62.764	1528.1
62.781	1523.3
62.798	1511.7
62.815	1517.4
62.832	1512.6
62.849	1498.8
62.866	1500.3
62.883	1504.3
62.9	1481.2
62.917	1494.7
62.934	1529.2
62.951	1532.5
62.968	1513.9
62.985	1472.6
63.002	1468.3
63.019	1469.3
63.036	1488.7
63.053	1525.2
63.07	1536.1
63.087	1529.2
63.104	1494
63.121	1493.9
63.138	1493.6
63.155	1491.9
63.172	1512.8
63.189	1495.4
63.206	1499.5
63.223	1486.8
63.24	1447.4
63.257	1468.7
63.274	1486.4
63.291	1512.6
63.308	1517.6
63.325	1509.9
63.342	1513.6
63.359	1507.6
63.376	1518.9
63.393	1536.9
63.41	1513.7
63.427	1494.5
63.444	1502.4
63.461	1516
63.478	1489.5
63.495	1472.2
63.512	1493.4
63.529	1515.1
63.546	1513.2
63.563	1501.2
63.58	1506.6
63.597	1511.9
63.614	1496.9
63.631	1489.4
63.648	1514.3
63.665	1533.2
63.682	1519.6
63.699	1526.8
63.716	1528.6
63.733	1488.2
63.75	1478.2
63.767	1496.2
63.784	1504.6
63.801	1506.1
63.818	1509.4
63.835	1496
63.852	1487.1
63.869	1510.4
63.886	1523.9
63.903	1511.1
63.92	1505.9
63.937	1524.4
63.954	1519.4
63.971	1522.6
63.988	1507.9
64.005	1472.4
64.022	1435.4
64.039	1476.8
64.056	1532.8
64.073	1539.9
64.09	1540.6
64.107	1522
64.124	1499.3
64.141	1518.2
64.158	1536.4
64.175	1548.5
64.192	1502.5
64.209	1520.3
64.226	1544.4
64.243	1512.1
64.26	1519.5
64.277	1526.5
64.294	1524.5
64.311	1524.1
64.328	1523.1
64.345	1551.9
64.362	1535.3
64.379	1522.9
64.396	1513
64.413	1499.6
64.43	1518.5
64.447	1521.7
64.464	1509.5
64.481	1520.4
64.498	1535.9
64.515	1539.3
64.532	1531.5
64.549	1534.6
64.566	1530.4
64.583	1513.1
64.6	1525.5
64.617	1536.1
64.634	1522.9
64.651	1514.9
64.668	1515
64.685	1511.2
64.702	1522.5
64.719	1526.8
64.736	1514.4
64.753	1504.9
64.77	1514.9
64.787	1500.8
64.804	1490.6
64.821	1505.4
64.838	1508.6
64.855	1518.5
64.872	1541.4
64.889	1530.9
64.906	1547.3
64.923	1530.8
64.94	1533.1
64.957	1536.1
64.974	1524.2
64.991	1512.6
65.008	1517.4
65.025	1521.3
65.042	1522.2
65.059	1528.5
65.076	1511.8
65.093	1514
65.11	1527.9
65.127	1516.9
65.144	1519.6
65.161	1513
65.178	1514.9
65.195	1485.3
65.212	1496.9
65.229	1500.8
65.246	1483.1
65.263	1513.8
65.28	1507
65.297	1483.9
65.314	1498.9
65.331	1481.1
65.348	1489.2
65.365	1511
65.382	1505.2
65.399	1505.2
65.416	1507.5
65.433	1502.6
65.45	1514.2
65.467	1512.6
65.484	1519
65.501	1524.1
65.518	1510.8
65.535	1502.8
65.552	1500.3
65.569	1488.4
65.586	1483.9
65.603	1497.6
65.62	1502.5
65.637	1507.9
65.654	1522.9
65.671	1520.4
65.688	1523.1
65.705	1506.6
65.722	1488.9
65.739	1512.5
65.756	1516.9
65.773	1484.6
65.79	1479.6
65.807	1519.8
65.824	1530.2
65.841	1512.9
65.858	1469.4
65.875	1446.2
65.892	1490
65.909	1545.8
65.926	1547.8
65.943	1552.2
65.96	1546.3
65.977	1519.2
65.994	1526.1
66.011	1528.5
66.028	1547.8
66.045	1512.4
66.062	1487.9
66.079	1518.5
66.096	1477.2
66.113	1487
66.13	1529.4
66.147	1538.8
66.164	1508.5
66.181	1484.5
66.198	1496.6
66.215	1488.4
66.232	1487
66.249	1535.2
66.266	1539.2
66.283	1496.7
66.3	1466.4
66.317	1486.2
66.334	1497.4
66.351	1512.9
66.368	1521.1
66.385	1525.1
66.402	1501.8
66.419	1512.8
66.436	1537.3
66.453	1532.4
66.47	1530.1
66.487	1519
66.504	1518.9
66.521	1532.6
66.538	1529.5
66.555	1515.3
66.572	1494.6
66.589	1485.4
66.606	1485.1
66.623	1505.7
66.64	1535.5
66.657	1541.2
66.674	1522.3
66.691	1513.1
66.708	1538.9
66.725	1533.1
66.742	1508.7
66.759	1506.8
66.776	1532.8
66.793	1525.1
66.81	1500.9
66.827	1530.5
66.844	1543.5
66.861	1519.9
66.878	1531.1
66.895	1536.5
66.912	1536.8
66.929	1504.8
66.946	1510.3
66.963	1533.9
66.98	1528.3
66.997	1535.6
67.014	1522.5
67.031	1534.2
67.048	1562.2
67.065	1541.4
67.082	1494.9
67.099	1511.6
67.116	1536.6
67.133	1512
67.15	1485.4
67.167	1515.1
67.184	1556.6
67.201	1527.8
67.218	1527.9
67.235	1538
67.252	1533.8
67.269	1528.4
67.286	1492.5
67.303	1460.4
67.32	1460.8
67.337	1492.2
67.354	1512.2
67.371	1520.2
67.388	1540.1
67.405	1545.3
67.422	1518.9
67.439	1502.6
67.456	1506.5
67.473	1518.8
67.49	1524.9
67.507	1515.8
67.524	1515.2
67.541	1530.7
67.558	1532.3
67.575	1508.5
67.592	1487.8
67.609	1503.4
67.626	1500
67.643	1484.1
67.66	1501.1
67.677	1507.5
67.694	1505.5
67.711	1537.6
67.728	1554.2
67.745	1548.5
67.762	1552.4
67.779	1551.4
67.796	1553.9
67.813	1550.7
67.83	1526.1
67.847	1507.5
67.864	1514.2
67.881	1530.9
67.898	1521.4
67.915	1529.7
67.932	1555.8
67.949	1529
67.966	1482.4
67.983	1491.9
68	1496.8
68.017	1477.8
68.034	1503.4
68.051	1495.1
68.068	1457.7
68.085	1478
68.102	1532.5
68.119	1522.5
68.136	1483.8
68.153	1476.4
68.17	1524.6
68.187	1527.4
68.204	1471.3
68.221	1477.5
68.238	1503.5
68.255	1510.4
68.272	1519.9
68.289	1546.6
68.306	1541.1
68.323	1527.8
68.34	1516.9
68.357	1522.6
68.374	1546.9
68.391	1551.2
68.408	1516.5
68.425	1494.2
68.442	1497.6
68.459	1506.6
68.476	1530.4
68.493	1546.1
68.51	1527.9
68.527	1496.4
68.544	1490.9
68.561	1519.1
68.578	1504.8
68.595	1479.3
68.612	1494.3
68.629	1509
68.646	1506.5
68.663	1500.9
68.68	1495.5
68.697	1505.6
68.714	1512.2
68.731	1512.5
68.748	1525.8
68.765	1496.3
68.782	1512.7
68.799	1539.9
68.816	1504.1
68.833	1504
68.85	1519.9
68.867	1527.6
68.884	1551.1
68.901	1554.9
68.918	1552.4
68.935	1547.2
68.952	1537.8
68.969	1524.1
68.986	1516.9
69.003	1526.9
69.02	1514.8
69.037	1508.1
69.054	1520.1
69.071	1525.2
69.088	1495.5
69.105	1499.1
69.122	1528.4
69.139	1501.6
69.156	1518.6
69.173	1562.1
69.19	1564.7
69.207	1545.6
69.224	1537.4
69.241	1538.9
69.258	1517.6
69.275	1523.7
69.292	1517.9
69.309	1510.6
69.326	1533.3
69.343	1541.8
69.36	1512.8
69.377	1490.6
69.394	1501.6
69.411	1506.1
69.428	1523.4
69.445	1539.5
69.462	1523.9
69.479	1513.9
69.496	1526.2
69.513	1530.2
69.53	1522.7
69.547	1535.8
69.564	1545.8
69.581	1559.2
69.598	1568.2
69.615	1543.8
69.632	1539.9
69.649	1561.8
69.666	1574.4
69.683	1564.1
69.7	1538.6
69.717	1504.2
69.734	1515.9
69.751	1525.4
69.768	1512.4
69.785	1485.9
69.802	1486.3
69.819	1487.6
69.836	1508.5
69.853	1522.9
69.87	1510.5
69.887	1477.2
69.904	1472.5
69.921	1515.5
69.938	1516.6
69.955	1498.6
69.972	1504.6
69.989	1527.6
70.006	1554.8
70.023	1547.5
70.04	1526.4
70.057	1527.8
70.074	1534.2
70.091	1545.3
70.108	1554.7
70.125	1571.9
70.142	1534.5
70.159	1525
70.176	1523.9
70.193	1506.8
70.21	1502.1
70.227	1507.9
70.244	1538.5
70.261	1550.5
70.278	1543.5
70.295	1548.8
70.312	1530.4
70.329	1525.1
70.346	1535.9
70.363	1537.2
70.38	1535.6
70.397	1542.9
70.414	1537.5
70.431	1532.8
70.448	1521.5
70.465	1517.5
70.482	1537.2
70.499	1551.8
70.516	1546.4
70.533	1512.2
70.55	1506.6
70.567	1540.1
70.584	1561.8
70.601	1568.4
70.618	1546.6
70.635	1535.5
70.652	1530.2
70.669	1493.9
70.686	1517.9
70.703	1527.2
70.72	1506.8
70.737	1516.2
70.754	1539.1
70.771	1524.9
70.788	1511.2
70.805	1533.2
70.822	1507.5
70.839	1518.4
70.856	1543.4
70.873	1553.7
70.89	1539
70.907	1548.9
70.924	1550.2
70.941	1530.4
70.958	1539.1
70.975	1563.6
70.992	1583.4
71.009	1587.8
71.026	1561.3
71.043	1543.8
71.06	1552.5
71.077	1558.5
71.094	1566.6
71.111	1555.3
71.128	1541.4
71.145	1502.6
71.162	1483.1
71.179	1533.7
71.196	1561.6
71.213	1557.2
71.23	1573.4
71.247	1584.4
71.264	1573.5
71.281	1545.5
71.298	1536.8
71.315	1571.9
71.332	1600.6
71.349	1587.2
71.366	1571.6
71.383	1558.1
71.4	1555.2
71.417	1543.8
71.434	1528.3
71.451	1543.7
71.468	1549.9
71.485	1533.7
71.502	1548.8
71.519	1570.8
71.536	1567.8
71.553	1569.8
71.57	1552.4
71.587	1533
71.604	1545.2
71.621	1586.1
71.638	1576.4
71.655	1579.4
71.672	1603.2
71.689	1562.5
71.706	1555.3
71.723	1548.8
71.74	1535.9
71.757	1544.7
71.774	1570.9
71.791	1560.9
71.808	1548.9
71.825	1554.8
71.842	1591.5
71.859	1576.4
71.876	1542.6
71.893	1522.3
71.91	1532.9
71.927	1532.8
71.944	1561.6
71.961	1596.4
71.978	1585.9
71.995	1576.5
72.012	1590.1
72.029	1573.1
72.046	1571.9
72.063	1587.1
72.08	1601.4
72.097	1603.1
72.114	1601.2
72.131	1604.8
72.148	1615.7
72.165	1582.5
72.182	1549.4
72.199	1546.2
72.216	1575.2
72.233	1590
72.25	1576.2
72.267	1580.9
72.284	1569.2
72.301	1565.9
72.318	1565.6
72.335	1548.8
72.352	1558.1
72.369	1594.3
72.386	1610.6
72.403	1617.1
72.42	1600.8
72.437	1570.6
72.454	1580.8
72.471	1593.2
72.488	1576.1
72.505	1546.9
72.522	1559.6
72.539	1590.6
72.556	1582.8
72.573	1577.9
72.59	1629.7
72.607	1632.4
72.624	1583.5
72.641	1569.1
72.658	1595.6
72.675	1601.8
72.692	1557.1
72.709	1553.8
72.726	1610.6
72.743	1596.6
72.76	1584.5
72.777	1624.3
72.794	1612.1
72.811	1590.5
72.828	1584.1
72.845	1576.2
72.862	1605.6
72.879	1592.2
72.896	1548.7
72.913	1583.5
72.93	1594.1
72.947	1611
72.964	1612.6
72.981	1586.8
72.998	1608.8
73.015	1595.6
73.032	1590.6
73.049	1614.2
73.066	1608.2
73.083	1580.1
73.1	1567.9
73.117	1575.1
73.134	1564.3
73.151	1573.9
73.168	1593.8
73.185	1617.8
73.202	1618.6
73.219	1611.3
73.236	1609.4
73.253	1598.4
73.27	1605.5
73.287	1618.6
73.304	1615.5
73.321	1603.4
73.338	1588.1
73.355	1595.1
73.372	1622.5
73.389	1629.9
73.406	1617
73.423	1635.5
73.44	1645.9
73.457	1618.1
73.474	1622.1
73.491	1629.4
73.508	1630.2
73.525	1641.6
73.542	1619.9
73.559	1629.9
73.576	1668.6
73.593	1677.6
73.61	1739.3
73.627	1815.6
73.644	1836.5
73.661	1856.8
73.678	1890.4
73.695	1928.4
73.712	1952.4
73.729	2065.5
73.746	2092.6
73.763	2089.7
73.78	2105.6
73.797	2101.9
73.814	2124.1
73.831	2125.5
73.848	2173.8
73.865	2282.8
73.882	2379.6
73.899	2426.1
73.916	2668.6
73.933	3137.8
73.95	3965.2
73.967	5534
73.984	8519.5
74.001	13729.5
74.018	20628.8
74.035	26376.6
74.052	28229.8
74.069	25999.2
74.086	21582.9
74.103	16379.1
74.12	11690.1
74.137	8041.3
74.154	5756.2
74.171	4254.3
74.188	3412.5
74.205	2970
74.222	2637.4
74.239	2293
74.256	2156.5
74.273	2202.8
74.29	2148.9
74.307	2013.9
74.324	1985.3
74.341	2008.8
74.358	1970.4
74.375	1927.1
74.392	1897.2
74.409	1822.8
74.426	1815.5
74.443	1844.8
74.46	1871.2
74.477	1831.1
74.494	1735.2
74.511	1691.6
74.528	1661.6
74.545	1637.8
74.562	1630.2
74.579	1627.9
74.596	1606.4
74.613	1610.8
74.63	1684.8
74.647	1698.9
74.664	1634.5
74.681	1623.4
74.698	1631
74.715	1645.4
74.732	1655.3
74.749	1621.1
74.766	1604.3
74.783	1616.1
74.8	1618.6
74.817	1614.4
74.834	1573.2
74.851	1570
74.868	1656.5
74.885	1708.6
74.902	1663.3
74.919	1664.6
74.936	1712.9
74.953	1670.4
74.97	1626.2
74.987	1640.1
75.004	1606.8
75.021	1585.1
75.038	1629.2
75.055	1621.5
75.072	1608.8
75.089	1614.5
75.106	1604.5
75.123	1603.6
75.14	1614.2
75.157	1578.5
75.174	1587.2
75.191	1609.4
75.208	1602.6
75.225	1600.6
75.242	1598.6
75.259	1575.1
75.276	1584.6
75.293	1600.3
75.31	1591.7
75.327	1586.6
75.344	1594.2
75.361	1614.6
75.378	1637.3
75.395	1681.2
75.412	1688.4
75.429	1628.7
75.446	1599.6
75.463	1574.5
75.48	1561
75.497	1568.3
75.514	1588.9
75.531	1578.1
75.548	1595.7
75.565	1619.5
75.582	1607.9
75.599	1607.2
75.616	1586.1
75.633	1583.9
75.65	1575.5
75.667	1564.9
75.684	1587.6
75.701	1595.8
75.718	1620.9
75.735	1588.9
75.752	1567.4
75.769	1578.1
75.786	1596.6
75.803	1560.8
75.82	1537.4
75.837	1565.1
75.854	1603.9
75.871	1590.2
75.888	1556.4
75.905	1543.8
75.922	1562.9
75.939	1557.8
75.956	1550.9
75.973	1560.8
75.99	1596.4
76.007	1567.8
76.024	1563.5
76.041	1591.4
76.058	1605.9
76.075	1598.6
76.092	1594.2
76.109	1549
76.126	1555.9
76.143	1582.5
76.16	1574.1
76.177	1558.2
76.194	1570.3
76.211	1592
76.228	1592.9
76.245	1566
76.262	1568.2
76.279	1596.3
76.296	1594.7
76.313	1599.2
76.33	1586.5
76.347	1571.2
76.364	1569.3
76.381	1572.6
76.398	1594.5
76.415	1601
76.432	1586.1
76.449	1577.4
76.466	1567.2
76.483	1555.6
76.5	1570.2
76.517	1600.2
76.534	1598
76.551	1567.3
76.568	1547.9
76.585	1557.2
76.602	1576.9
76.619	1572.8
76.636	1562.8
76.653	1547.3
76.67	1572.1
76.687	1597.7
76.704	1560.6
76.721	1550
76.738	1580.2
76.755	1611.5
76.772	1609.2
76.789	1589.9
76.806	1561.6
76.823	1565
76.84	1591.3
76.857	1594.2
76.874	1607.6
76.891	1589.8
76.908	1565.1
76.925	1577.2
76.942	1581.5
76.959	1556.1
76.976	1545.1
76.993	1556.1
77.01	1546
77.027	1574.1
77.044	1587.2
77.061	1565.3
77.078	1573.2
77.095	1566.1
77.112	1541.4
77.129	1580.4
77.146	1611.8
77.163	1600.6
77.18	1565.3
77.197	1547
77.214	1550.4
77.231	1537.3
77.248	1538.2
77.265	1556.9
77.282	1582.9
77.299	1583.1
77.316	1550.4
77.333	1552.4
77.35	1552.8
77.367	1525.6
77.384	1535.4
77.401	1529.5
77.418	1521.2
77.435	1554.5
77.452	1572.6
77.469	1573.8
77.486	1581.9
77.503	1580.8
77.52	1563.9
77.537	1575.1
77.554	1582.2
77.571	1581.1
77.588	1564.2
77.605	1537.8
77.622	1540
77.639	1569.1
77.656	1565.9
77.673	1579.6
77.69	1595.4
77.707	1556.6
77.724	1571.1
77.741	1549.2
77.758	1538.3
77.775	1561.2
77.792	1565.6
77.809	1531.1
77.826	1513.5
77.843	1549.4
77.86	1562.1
77.877	1555.8
77.894	1538.9
77.911	1523.7
77.928	1550.1
77.945	1563.9
77.962	1558.1
77.979	1554.4
77.996	1565.3
78.013	1572.6
78.03	1553.8
78.047	1539.9
78.064	1534.9
78.081	1555.5
78.098	1590.6
78.115	1601.2
78.132	1599.8
78.149	1590.9
78.166	1595.9
78.183	1567.8
78.2	1565.4
78.217	1601.6
78.234	1591.4
78.251	1554.9
78.268	1553.5
78.285	1556.3
78.302	1549.4
78.319	1549.1
78.336	1551.6
78.353	1554.3
78.37	1558.6
78.387	1560.1
78.404	1567.9
78.421	1563.9
78.438	1545.1
78.455	1531.5
78.472	1535.7
78.489	1560.2
78.506	1563.9
78.523	1561.5
78.54	1558.7
78.557	1578.9
78.574	1574.5
78.591	1555.1
78.608	1576.5
78.625	1598.2
78.642	1576.2
78.659	1579.5
78.676	1567.5
78.693	1552.5
78.71	1548.8
78.727	1533.6
78.744	1560.8
78.761	1570.8
78.778	1553.8
78.795	1534.5
78.812	1559.4
78.829	1621.3
78.846	1637.2
78.863	1603.8
78.88	1610.9
78.897	1595.9
78.914	1571.5
78.931	1536.5
78.948	1526.5
78.965	1548.4
78.982	1558.8
78.999	1573.7
79.016	1561.6
79.033	1546.5
79.05	1539.2
79.067	1549.5
79.084	1556.9
79.101	1545.6
79.118	1551.7
79.135	1559.5
79.152	1567.5
79.169	1581.8
79.186	1602.1
79.203	1611.3
79.22	1591.2
79.237	1561.8
79.254	1555.4
79.271	1573.3
79.288	1588.4
79.305	1591.1
79.322	1589.9
79.339	1589.4
79.356	1590.8
79.373	1590.6
79.39	1631.4
79.407	1645.6
79.424	1595.6
79.441	1572.2
79.458	1566.9
79.475	1567.3
79.492	1548.4
79.509	1550
79.526	1570.1
79.543	1556.4
79.56	1547.5
79.577	1550.5
79.594	1578.5
79.611	1587.9
79.628	1580.5
79.645	1567.7
79.662	1577.1
79.679	1585.9
79.696	1594.1
79.713	1607.8
79.73	1591.4
79.747	1558.2
79.764	1621.8
79.781	1665.4
79.798	1653.9
79.815	1640.1
79.832	1537.2
79.849	1539.3
79.866	1556.9
79.883	1561
79.9	1555.2
79.917	1537.9
79.934	1537.8
79.951	1572.1
79.968	1569.5