20.009	989.1
20.026	1005.9
20.043	1005.1
20.06	1007.5
20.077	1018.1
20.094	1065
20.111	1030.5
20.128	990.2
20.145	980.9
20.162	1025.9
20.179	994.8
20.196	1022.9
20.213	1022
20.23	1020
20.247	991.9
20.264	1053.6
20.281	1028.6
20.298	991.9
20.315	1023.2
20.332	1027
20.349	1028.5
20.366	1051.9
20.383	1031.9
20.4	999.8
20.417	1013.5
20.434	1039
20.451	1054.8
20.468	1051.5
20.485	1042.1
20.502	1025.2
20.519	998.6
20.536	1039.5
20.553	1030.3
20.57	1005.2
20.587	1040.2
20.604	1029.4
20.621	1052.6
20.638	1059.2
20.655	1015.3
20.672	1021.3
20.689	1044.1
20.706	1077.5
20.723	1067.5
20.74	1028.1
20.757	1044.6
20.774	1038
20.791	1023.4
20.808	1044.9
20.825	1028.9
20.842	1045.1
20.859	1060.6
20.876	1039.4
20.893	1061.2
20.91	1046.9
20.927	1032.1
20.944	1063.6
20.961	1039.6
20.978	1019.4
20.995	1055.2
21.012	1028.8
21.029	1054.6
21.046	1005.1
21.063	1085.2
21.08	1069.1
21.097	1022.3
21.114	1026.1
21.131	1014.6
21.148	1056.1
21.165	1055.4
21.182	1029.6
21.199	1038.2
21.216	1026.2
21.233	1046.8
21.25	1060.1
21.267	1060.9
21.284	1057.6
21.301	1035.3
21.318	1039.9
21.335	1039.6
21.352	1050
21.369	1049.2
21.386	1037.2
21.403	1039.9
21.42	1040.5
21.437	1063.2
21.454	1049.1
21.471	1019.8
21.488	1048.1
21.505	1049.1
21.522	1036.6
21.539	1062.1
21.556	1064.2
21.573	1067.4
21.59	1057.2
21.607	1062.2
21.624	1081.5
21.641	1086.2
21.658	1040.4
21.675	1030.2
21.692	1034.8
21.709	1048.9
21.726	1061.2
21.743	1033.1
21.76	1048.8
21.777	1032.2
21.794	1066.9
21.811	1048.5
21.828	1025.6
21.845	1053.6
21.862	1093.5
21.879	1055.4
21.896	1077.6
21.913	1072
21.93	1085.9
21.947	1053.1
21.964	1071.4
21.981	1077.3
21.998	1083.2
22.015	1099.8
22.032	1063.6
22.049	1044.4
22.066	1083.7
22.083	1093.6
22.1	1070.4
22.117	1047.1
22.134	1093.7
22.151	1043.9
22.168	1090.6
22.185	1101.1
22.202	1116.2
22.219	1071.9
22.236	1086.9
22.253	1083.3
22.27	1056.2
22.287	1063.3
22.304	1131.7
22.321	1124.1
22.338	1077.4
22.355	1067.9
22.372	1067.8
22.389	1082.1
22.406	1100.4
22.423	1106.2
22.44	1092.2
22.457	1080.1
22.474	1082.1
22.491	1083.6
22.508	1079.4
22.525	1101.5
22.542	1107.5
22.559	1082.8
22.576	1064.2
22.593	1084.3
22.61	1103.7
22.627	1083.8
22.644	1094.6
22.661	1072.7
22.678	1068.6
22.695	1078.6
22.712	1090.1
22.729	1106
22.746	1091.1
22.763	1109.6
22.78	1117.3
22.797	1089.4
22.814	1080.1
22.831	1098.9
22.848	1113.4
22.865	1101.1
22.882	1071.8
22.899	1085.1
22.916	1102.4
22.933	1091.8
22.95	1089.1
22.967	1091.1
22.984	1107.4
23.001	1099.3
23.018	1115.1
23.035	1039.5
23.052	1081.4
23.069	1121.1
23.086	1150.7
23.103	1095.7
23.12	1060.5
23.137	1084.6
23.154	1094.2
23.171	1082.8
23.188	1112.8
23.205	1122.9
23.222	1077.6
23.239	1136.2
23.256	1153.5
23.273	1112.4
23.29	1102.8
23.307	1097
23.324	1064.5
23.341	1056.1
23.358	1059.5
23.375	1084.6
23.392	1110.8
23.409	1105.5
23.426	1066.9
23.443	1099.6
23.46	1124.5
23.477	1115.8
23.494	1098.1
23.511	1115.6
23.528	1108.5
23.545	1083.9
23.562	1082.7
23.579	1078.7
23.596	1089.8
23.613	1085.6
23.63	1080.6
23.647	1089.4
23.664	1082.9
23.681	1128.9
23.698	1111.6
23.715	1107.8
23.732	1136.5
23.749	1145.2
23.766	1162.8
23.783	1128.1
23.8	1131.8
23.817	1160.3
23.834	1147
23.851	1117.1
23.868	1148.9
23.885	1114.4
23.902	1108.2
23.919	1159.4
23.936	1162.7
23.953	1111.4
23.97	1133.1
23.987	1116.2
24.004	1093.1
24.021	1171.9
24.038	1120.2
24.055	1080.2
24.072	1145.2
24.089	1116.1
24.106	1100.9
24.123	1101.1
24.14	1118.5
24.157	1112.2
24.174	1133.4
24.191	1154.3
24.208	1125.9
24.225	1108.8
24.242	1123.4
24.259	1142.5
24.276	1105.7
24.293	1148.7
24.31	1143.6
24.327	1140.1
24.344	1174.4
24.361	1178.2
24.378	1149.7
24.395	1144.1
24.412	1130.6
24.429	1139.8
24.446	1137.5
24.463	1146
24.48	1160.7
24.497	1138.4
24.514	1114.6
24.531	1139.5
24.548	1128.4
24.565	1088.4
24.582	1111.3
24.599	1130.9
24.616	1113.9
24.633	1114.5
24.65	1137.6
24.667	1130.4
24.684	1106.2
24.701	1125.8
24.718	1137.6
24.735	1114.9
24.752	1100.9
24.769	1147.1
24.786	1146.6
24.803	1107.9
24.82	1108.4
24.837	1146
24.854	1130.4
24.871	1133.9
24.888	1104.9
24.905	1168.6
24.922	1175.4
24.939	1134.7
24.956	1145.6
24.973	1137.4
24.99	1112.8
25.007	1125.6
25.024	1121.8
25.041	1166
25.058	1150.6
25.075	1158.3
25.092	1116.8
25.109	1147.2
25.126	1167.7
25.143	1177.4
25.16	1150
25.177	1135.9
25.194	1165.7
25.211	1160.5
25.228	1150.6
25.245	1129.8
25.262	1158.4
25.279	1165.9
25.296	1180.2
25.313	1181.6
25.33	1157.2
25.347	1112.8
25.364	1112.8
25.381	1158.1
25.398	1174.8
25.415	1156.6
25.432	1167.9
25.449	1198.5
25.466	1187.9
25.483	1154.4
25.5	1161.6
25.517	1173.5
25.534	1197.5
25.551	1203.2
25.568	1174.4
25.585	1164.9
25.602	1162.9
25.619	1162
25.636	1162.8
25.653	1174.3
25.67	1162.6
25.687	1156.3
25.704	1146.8
25.721	1173.5
25.738	1150.1
25.755	1169.9
25.772	1213.4
25.789	1156.4
25.806	1161.6
25.823	1141
25.84	1172.8
25.857	1172.3
25.874	1220.8
25.891	1155.2
25.908	1190.1
25.925	1173.3
25.942	1147.2
25.959	1168.9
25.976	1199.3
25.993	1185.6
26.01	1148.2
26.027	1153.1
26.044	1172.9
26.061	1201.4
26.078	1177.6
26.095	1203.4
26.112	1208.5
26.129	1183.4
26.146	1157.2
26.163	1160.4
26.18	1167.5
26.197	1193.6
26.214	1230.8
26.231	1164.2
26.248	1167.4
26.265	1172.7
26.282	1168.4
26.299	1176.3
26.316	1197.6
26.333	1205.4
26.35	1165.9
26.367	1196.6
26.384	1189.4
26.401	1181.2
26.418	1199.6
26.435	1193.3
26.452	1197.4
26.469	1187.2
26.486	1174.1
26.503	1175.2
26.52	1161.7
26.537	1157
26.554	1158.9
26.571	1189.9
26.588	1186.8
26.605	1169.9
26.622	1200.2
26.639	1188.4
26.656	1194
26.673	1177.6
26.69	1174.8
26.707	1219
26.724	1202.8
26.741	1199.7
26.758	1208.6
26.775	1169.2
26.792	1142.6
26.809	1169.3
26.826	1187.1
26.843	1146.6
26.86	1234.5
26.877	1209.8
26.894	1191.6
26.911	1201.8
26.928	1200.4
26.945	1222
26.962	1221.5
26.979	1214.9
26.996	1227.4
27.013	1201.1
27.03	1202.8
27.047	1201.4
27.064	1220.2
27.081	1179.2
27.098	1244.4
27.115	1219.9
27.132	1230.4
27.149	1175.4
27.166	1214.8
27.183	1227.4
27.2	1215.5
27.217	1192.9
27.234	1205.5
27.251	1180.6
27.268	1161.5
27.285	1203.1
27.302	1220.1
27.319	1205
27.336	1187.8
27.353	1167.6
27.37	1165
27.387	1229.5
27.404	1236.6
27.421	1215.4
27.438	1220.4
27.455	1195.5
27.472	1203.1
27.489	1203.7
27.506	1199.3
27.523	1204.2
27.54	1208.8
27.557	1241.1
27.574	1301.5
27.591	1227.5
27.608	1204.2
27.625	1222.8
27.642	1200.3
27.659	1160.8
27.676	1219.9
27.693	1203.8
27.71	1215.8
27.727	1196.6
27.744	1204.6
27.761	1166.9
27.778	1187.4
27.795	1269.4
27.812	1208.8
27.829	1175.3
27.846	1196.6
27.863	1206.5
27.88	1201.5
27.897	1240.6
27.914	1217.9
27.931	1196.6
27.948	1142.6
27.965	1153.9
27.982	1185.1
27.999	1202.5
28.016	1208.8
28.033	1191.5
28.05	1213.1
28.067	1183.7
28.084	1210.4
28.101	1201.9
28.118	1218.3
28.135	1237.4
28.152	1211.3
28.169	1200.9
28.186	1214.7
28.203	1211.1
28.22	1228.9
28.237	1227.5
28.254	1217.1
28.271	1188.4
28.288	1210.2
28.305	1214.9
28.322	1228.9
28.339	1226.2
28.356	1212.7
28.373	1194
28.39	1226.6
28.407	1236.2
28.424	1223.3
28.441	1227.5
28.458	1221.7
28.475	1264.9
28.492	1260.4
28.509	1220.3
28.526	1241.7
28.543	1252.8
28.56	1249.4
28.577	1252.6
28.594	1215.6
28.611	1241.1
28.628	1242.6
28.645	1251.9
28.662	1249.8
28.679	1229.9
28.696	1230.8
28.713	1270.6
28.73	1202.3
28.747	1222.6
28.764	1220.5
28.781	1273.3
28.798	1229.8
28.815	1228.7
28.832	1269.7
28.849	1234.1
28.866	1249.2
28.883	1222.6
28.9	1262.4
28.917	1233.8
28.934	1201.8
28.951	1262
28.968	1263.4
28.985	1283.3
29.002	1238.8
29.019	1223.8
29.036	1281.1
29.053	1234.8
29.07	1235.1
29.087	1285.6
29.104	1306.4
29.121	1233.3
29.138	1237.5
29.155	1232.2
29.172	1267.3
29.189	1253.2
29.206	1207.4
29.223	1198.3
29.24	1220.6
29.257	1247.9
29.274	1263.3
29.291	1266.2
29.308	1236.9
29.325	1235.8
29.342	1231.8
29.359	1228.2
29.376	1232.5
29.393	1242.9
29.41	1273.8
29.427	1268.1
29.444	1237.8
29.461	1252.8
29.478	1295.8
29.495	1276.6
29.512	1270.8
29.529	1267
29.546	1251.9
29.563	1267.4
29.58	1287.8
29.597	1269.7
29.614	1277.9
29.631	1226.6
29.648	1208.8
29.665	1285.1
29.682	1285.5
29.699	1272.3
29.716	1426.4
29.733	1255
29.75	1239
29.767	1241.5
29.784	1281.9
29.801	1281.5
29.818	1287.6
29.835	1250.1
29.852	1266.3
29.869	1255.1
29.886	1256.6
29.903	1264
29.92	1235.1
29.937	1283.4
29.954	1258.6
29.971	1270.2
29.988	1302.1
30.005	1257.2
30.022	1292.1
30.039	1292.2
30.056	1277.1
30.073	1248.1
30.09	1266.6
30.107	1291.6
30.124	1283.4
30.141	1257.2
30.158	1243.9
30.175	1242.9
30.192	1258.4
30.209	1279.1
30.226	1263.5
30.243	1240.8
30.26	1272.1
30.277	1305.3
30.294	1293.3
30.311	1281.8
30.328	1278.7
30.345	1274.1
30.362	1273.6
30.379	1251.9
30.396	1267.5
30.413	1292.4
30.43	1298.3
30.447	1286.2
30.464	1272.9
30.481	1254
30.498	1238.5
30.515	1245.8
30.532	1244.4
30.549	1265.2
30.566	1250.1
30.583	1222.4
30.6	1259.7
30.617	1239.6
30.634	1250.6
30.651	1275.9
30.668	1258.6
30.685	1266.8
30.702	1236.2
30.719	1299
30.736	1237.1
30.753	1268.5
30.77	1247.5
30.787	1302.7
30.804	1283
30.821	1293.6
30.838	1210.9
30.855	1258.5
30.872	1279.9
30.889	1249.2
30.906	1283.2
30.923	1271.8
30.94	1299.5
30.957	1275.6
30.974	1286.2
30.991	1305.9
31.008	1301.1
31.025	1256.9
31.042	1286.4
31.059	1276.9
31.076	1274.8
31.093	1270.8
31.11	1253.3
31.127	1271.8
31.144	1238.8
31.161	1285.8
31.178	1327.2
31.195	1283.1
31.212	1285.2
31.229	1289.7
31.246	1299.8
31.263	1279.3
31.28	1270.2
31.297	1306.2
31.314	1308.9
31.331	1307.2
31.348	1312.1
31.365	1343.4
31.382	1299.1
31.399	1268.8
31.416	1280.8
31.433	1277.8
31.45	1292.4
31.467	1329.9
31.484	1329.5
31.501	1336.2
31.518	1319.9
31.535	1271.1
31.552	1276.6
31.569	1332.8
31.586	1313.4
31.603	1317
31.62	1284.3
31.637	1272.5
31.654	1264.6
31.671	1275.6
31.688	1301.5
31.705	1308.2
31.722	1296.5
31.739	1304.4
31.756	1309.1
31.773	1295.8
31.79	1321.4
31.807	1279.2
31.824	1268.5
31.841	1305.9
31.858	1259.5
31.875	1311.2
31.892	1239.2
31.909	1304.6
31.926	1281.3
31.943	1273.8
31.96	1333.8
31.977	1311.5
31.994	1257.1
32.011	1277.5
32.028	1315.4
32.045	1271.1
32.062	1241.2
32.079	1264.1
32.096	1312.9
32.113	1309.7
32.13	1275.6
32.147	1317.2
32.164	1317.9
32.181	1284.8
32.198	1300.3
32.215	1334.9
32.232	1299.4
32.249	1275.7
32.266	1304.7
32.283	1331.7
32.3	1324.6
32.317	1286.5
32.334	1279.8
32.351	1309.8
32.368	1322.5
32.385	1328.8
32.402	1307.6
32.419	1285.6
32.436	1297.5
32.453	1322.1
32.47	1323.8
32.487	1320.3
32.504	1310.2
32.521	1328.2
32.538	1318
32.555	1348.7
32.572	1324.1
32.589	1262.3
32.606	1283.8
32.623	1301.1
32.64	1363.6
32.657	1309.5
32.674	1304.4
32.691	1341.9
32.708	1323.4
32.725	1314.8
32.742	1343.1
32.759	1328.6
32.776	1321.1
32.793	1307.5
32.81	1332.9
32.827	1345.6
32.844	1307.5
32.861	1314.2
32.878	1303.8
32.895	1333.4
32.912	1356.2
32.929	1355.1
32.946	1294.9
32.963	1340.4
32.98	1327.8
32.997	1292.8
33.014	1305.2
33.031	1307.9
33.048	1308.9
33.065	1336.1
33.082	1290.1
33.099	1291.5
33.116	1300.5
33.133	1323.4
33.15	1312.6
33.167	1289.9
33.184	1289.9
33.201	1321.9
33.218	1333.6
33.235	1279.5
33.252	1272.8
33.269	1302.6
33.286	1314.6
33.303	1340.8
33.32	1352.3
33.337	1326
33.354	1339.7
33.371	1302.5
33.388	1295.1
33.405	1297.5
33.422	1308.4
33.439	1346.1
33.456	1345.8
33.473	1327.5
33.49	1334.6
33.507	1311.1
33.524	1298.3
33.541	1320.4
33.558	1341.6
33.575	1336.2
33.592	1341.8
33.609	1367.5
33.626	1326.5
33.643	1318.1
33.66	1318.7
33.677	1299.2
33.694	1319.8
33.711	1332.6
33.728	1340.3
33.745	1299.2
33.762	1336.8
33.779	1380.2
33.796	1349.8
33.813	1328.8
33.83	1313.4
33.847	1366.8
33.864	1363.8
33.881	1358.5
33.898	1333.2
33.915	1305.8
33.932	1321.5
33.949	1362.6
33.966	1365.8
33.983	1269.7
34	1329.5
34.017	1338.7
34.034	1364.5
34.051	1339
34.068	1307.5
34.085	1317.7
34.102	1343.2
34.119	1315.5
34.136	1340.4
34.153	1346.4
34.17	1334.7
34.187	1315.9
34.204	1345.5
34.221	1337.4
34.238	1325.8
34.255	1307.9
34.272	1321.8
34.289	1319.3
34.306	1324.5
34.323	1333.5
34.34	1341.8
34.357	1337.8
34.374	1320.4
34.391	1340.9
34.408	1322.9
34.425	1322.1
34.442	1322.1
34.459	1309.1
34.476	1326.9
34.493	1328.4
34.51	1363.2
34.527	1319.7
34.544	1349.4
34.561	1386.7
34.578	1361.8
34.595	1294.1
34.612	1297.5
34.629	1321.4
34.646	1312.5
34.663	1321.6
34.68	1333.9
34.697	1361.4
34.714	1303.9
34.731	1321.1
34.748	1369.7
34.765	1364.6
34.782	1354.6
34.799	1288.4
34.816	1358
34.833	1343.9
34.85	1373.5
34.867	1347.2
34.884	1316.6
34.901	1297.6
34.918	1338.5
34.935	1332.6
34.952	1358.9
34.969	1357.8
34.986	1356.8
35.003	1385.3
35.02	1374
35.037	1371
35.054	1324.5
35.071	1351.4
35.088	1402.7
35.105	1364.8
35.122	1347.4
35.139	1369.5
35.156	1376.6
35.173	1368.4
35.19	1328.2
35.207	1347.8
35.224	1344.3
35.241	1350.1
35.258	1366.5
35.275	1344.4
35.292	1366.3
35.309	1370.5
35.326	1360.9
35.343	1343.9
35.36	1360.7
35.377	1401.8
35.394	1365.1
35.411	1351.8
35.428	1366.2
35.445	1381.2
35.462	1320.7
35.479	1333.1
35.496	1352.1
35.513	1370.2
35.53	1371.3
35.547	1330.6
35.564	1372.5
35.581	1380.2
35.598	1363.4
35.615	1291.5
35.632	1334
35.649	1368.4
35.666	1404.8
35.683	1370
35.7	1368.1
35.717	1337.4
35.734	1346.6
35.751	1386.3
35.768	1344.5
35.785	1364.6
35.802	1314.9
35.819	1381.4
35.836	1446.8
35.853	1363.9
35.87	1361.6
35.887	1342.4
35.904	1382.5
35.921	1402.9
35.938	1354.1
35.955	1374.3
35.972	1408.4
35.989	1363.8
36.006	1329.2
36.023	1349.8
36.04	1378.5
36.057	1387.8
36.074	1414.2
36.091	1384.9
36.108	1380.9
36.125	1346.5
36.142	1324.1
36.159	1357.2
36.176	1359.2
36.193	1346.6
36.21	1357.9
36.227	1388
36.244	1386.8
36.261	1367
36.278	1367
36.295	1367.5
36.312	1374.2
36.329	1363.1
36.346	1395.2
36.363	1378.8
36.38	1329.3
36.397	1368.8
36.414	1411.6
36.431	1372.8
36.448	1353.8
36.465	1365.4
36.482	1356.1
36.499	1374.7
36.516	1401.2
36.533	1390.1
36.55	1406.2
36.567	1378.5
36.584	1401.1
36.601	1386
36.618	1383.5
36.635	1344.2
36.652	1352.2
36.669	1416.4
36.686	1374.4
36.703	1365.9
36.72	1394.2
36.737	1351.8
36.754	1377.4
36.771	1322.1
36.788	1357.2
36.805	1391.8
36.822	1389.6
36.839	1397.4
36.856	1370.6
36.873	1364.4
36.89	1357
36.907	1404.6
36.924	1396.2
36.941	1366.4
36.958	1358.1
36.975	1374.8
36.992	1370.1
37.009	1354.6
37.026	1349.1
37.043	1351.9
37.06	1370.1
37.077	1419.4
37.094	1407.6
37.111	1385.6
37.128	1395.8
37.145	1392.8
37.162	1389.6
37.179	1396.6
37.196	1357.2
37.213	1345.9
37.23	1376.9
37.247	1376.8
37.264	1390.9
37.281	1402.9
37.298	1369.6
37.315	1379.1
37.332	1379.7
37.349	1378.2
37.366	1430.1
37.383	1428.4
37.4	1386.6
37.417	1396.7
37.434	1391.4
37.451	1380.4
37.468	1371.5
37.485	1395.4
37.502	1401.2
37.519	1386.7
37.536	1366.2
37.553	1371.9
37.57	1401.9
37.587	1400.2
37.604	1399.6
37.621	1347
37.638	1366.1
37.655	1415.5
37.672	1424.4
37.689	1423.8
37.706	1330.9
37.723	1439
37.74	1389.4
37.757	1366.8
37.774	1425.6
37.791	1388.9
37.808	1418.2
37.825	1388.1
37.842	1376.5
37.859	1415
37.876	1382.2
37.893	1371.4
37.91	1393.8
37.927	1392.1
37.944	1406.4
37.961	1364.9
37.978	1362.3
37.995	1338.9
38.012	1401.2
38.029	1404.2
38.046	1407
38.063	1389.9
38.08	1376.1
38.097	1425.9
38.114	1424.1
38.131	1409.5
38.148	1416.9
38.165	1398.6
38.182	1377.9
38.199	1393.4
38.216	1400.1
38.233	1402.8
38.25	1413.2
38.267	1369.6
38.284	1381.5
38.301	1403.6
38.318	1385.1
38.335	1433.2
38.352	1404.8
38.369	1400.6
38.386	1395.5
38.403	1401.1
38.42	1372.2
38.437	1392.6
38.454	1402.5
38.471	1411.5
38.488	1419.3
38.505	1408.2
38.522	1411.6
38.539	1409.1
38.556	1453.5
38.573	1367.1
38.59	1385.5
38.607	1410.7
38.624	1435.6
38.641	1397.8
38.658	1394.6
38.675	1391.8
38.692	1452.2
38.709	1440.2
38.726	1453.8
38.743	1375.1
38.76	1452.6
38.777	1398.1
38.794	1400.8
38.811	1429
38.828	1419.8
38.845	1524.1
38.862	1460.5
38.879	1437.2
38.896	1453.8
38.913	1417.9
38.93	1418.7
38.947	1447.2
38.964	1464.6
38.981	1427.4
38.998	1434.6
39.015	1445.1
39.032	1444.9
39.049	1413.4
39.066	1435.1
39.083	1422.1
39.1	1441.2
39.117	1458.1
39.134	1429.3
39.151	1465
39.168	1445.2
39.185	1384.3
39.202	1389.8
39.219	1402.3
39.236	1392.6
39.253	1419.9
39.27	1435.5
39.287	1459.4
39.304	1464.3
39.321	1436.6
39.338	1432.8
39.355	1459
39.372	1426.6
39.389	1418.5
39.406	1394.5
39.423	1391.8
39.44	1466.5
39.457	1441
39.474	1411.1
39.491	1443.2
39.508	1412.8
39.525	1396.4
39.542	1433.5
39.559	1411
39.576	1442.5
39.593	1433.8
39.61	1412.3
39.627	1387.1
39.644	1418.8
39.661	1397.6
39.678	1380.6
39.695	1449.9
39.712	1372.2
39.729	1421.8
39.746	1406.5
39.763	1473.8
39.78	1405.5
39.797	1398.5
39.814	1405.9
39.831	1405.8
39.848	1421.6
39.865	1456.7
39.882	1360.6
39.899	1434.6
39.916	1444.9
39.933	1457.5
39.95	1418.7
39.967	1430.6
39.984	1440.1
40.001	1443.3
40.018	1463.8
40.035	1457.1
40.052	1395.2
40.069	1415.5
40.086	1440.4
40.103	1446.4
40.12	1435.5
40.137	1412.1
40.154	1429.7
40.171	1426.6
40.188	1451
40.205	1418.1
40.222	1404.9
40.239	1435.9
40.256	1449.4
40.273	1440.2
40.29	1444.6
40.307	1452.2
40.324	1422.6
40.341	1418.2
40.358	1435.8
40.375	1414.5
40.392	1390.1
40.409	1390.7
40.426	1389.6
40.443	1448.4
40.46	1469.2
40.477	1456.7
40.494	1451.5
40.511	1442.4
40.528	1433.3
40.545	1437.3
40.562	1421.8
40.579	1357.5
40.596	1399
40.613	1432.4
40.63	1452.9
40.647	1436.3
40.664	1440.4
40.681	1429.9
40.698	1431.2
40.715	1479.1
40.732	1420.5
40.749	1487.4
40.766	1417.8
40.783	1478
40.8	1462.5
40.817	1467.8
40.834	1435.5
40.851	1473.5
40.868	1450.1
40.885	1464.8
40.902	1429.4
40.919	1436.5
40.936	1460.2
40.953	1447.1
40.97	1447.4
40.987	1439.9
41.004	1469.1
41.021	1451.8
41.038	1414.5
41.055	1391.8
41.072	1405.6
41.089	1434.2
41.106	1482.7
41.123	1445.6
41.14	1439.6
41.157	1450.1
41.174	1467.9
41.191	1481.2
41.208	1468.2
41.225	1456.3
41.242	1461.9
41.259	1475.8
41.276	1459.4
41.293	1496
41.31	1479
41.327	1461.1
41.344	1431.3
41.361	1453.3
41.378	1471
41.395	1422.6
41.412	1416.7
41.429	1412.8
41.446	1429.9
41.463	1496.3
41.48	1546.3
41.497	1501.2
41.514	1471.1
41.531	1442.4
41.548	1461.4
41.565	1410.9
41.582	1532.5
41.599	1445.2
41.616	1446.8
41.633	1431.1
41.65	1482.5
41.667	1503.1
41.684	1441.9
41.701	1474.2
41.718	1490.1
41.735	1442.1
41.752	1430.1
41.769	1466.9
41.786	1527.2
41.803	1500.4
41.82	1521.3
41.837	1508
41.854	1477.2
41.871	1499.5
41.888	1539.9
41.905	1552.4
41.922	1524.6
41.939	1501.6
41.956	1483
41.973	1530.4
41.99	1520.9
42.007	1518.2
42.024	1507.2
42.041	1529.4
42.058	1565.2
42.075	1518.5
42.092	1494.6
42.109	1504.4
42.126	1512.4
42.143	1549.6
42.16	1543.3
42.177	1554.2
42.194	1648.9
42.211	1582.1
42.228	1549.5
42.245	1526.6
42.262	1548.6
42.279	1495.2
42.296	1501.6
42.313	1556.2
42.33	1493.8
42.347	1478.2
42.364	1548.5
42.381	1586.8
42.398	1550.1
42.415	1537.6
42.432	1563.4
42.449	1565.8
42.466	1516.7
42.483	1543.7
42.5	1539.9
42.517	1555.4
42.534	1560
42.551	1529.5
42.568	1553.2
42.585	1554.8
42.602	1517.4
42.619	1493.8
42.636	1521.9
42.653	1523.3
42.67	1562.8
42.687	1605.1
42.704	1556.4
42.721	1532.9
42.738	1571.9
42.755	1706.1
42.772	1577.8
42.789	1558.8
42.806	1573.8
42.823	1615
42.84	1552.1
42.857	1569.1
42.874	1554.9
42.891	1557
42.908	1607.5
42.925	1647.2
42.942	1639.4
42.959	1728.9
42.976	1777.2
42.993	1813.8
43.01	1825.6
43.027	1824.6
43.044	1904
43.061	2006.1
43.078	2110.1
43.095	2230.9
43.112	2355.3
43.129	2596.8
43.146	2824.6
43.163	3220.7
43.18	3811.2
43.197	4723.5
43.214	6334.6
43.231	8629.4
43.248	11904
43.265	16164
43.282	22290.9
43.299	29422.4
43.316	33013.2
43.333	29519.5
43.35	22336.2
43.367	16088.9
43.384	11931.2
43.401	9600.6
43.418	8291.6
43.435	7352.4
43.452	6202.9
43.469	5340.5
43.486	4601.2
43.503	4112
43.52	3357.9
43.537	2791.6
43.554	2433.5
43.571	2167.2
43.588	2123.2
43.605	1887.1
43.622	1888.4
43.639	1887.1
43.656	2008.4
43.673	1873.3
43.69	1915.8
43.707	1746.2
43.724	1658
43.741	1719.2
43.758	1667.6
43.775	1552.2
43.792	1604.5
43.809	1612.7
43.826	1625.4
43.843	1644.2
43.86	1600.7
43.877	1612.7
43.894	1621.8
43.911	1586.6
43.928	1577.6
43.945	1525.7
43.962	1554.5
43.979	1578.5
43.996	1569.5
44.013	1561.3
44.03	1566.2
44.047	1572.1
44.064	1602.9
44.081	1568.7
44.098	1549.8
44.115	1578.7
44.132	1589.4
44.149	1578.3
44.166	1567.8
44.183	1579.9
44.2	1579.6
44.217	1590.5
44.234	1597.5
44.251	1590.2
44.268	1592.3
44.285	1579.8
44.302	1564.1
44.319	1611.2
44.336	1563.8
44.353	1530.8
44.37	1558.7
44.387	1551.7
44.404	1517.3
44.421	1554
44.438	1556.9
44.455	1601.1
44.472	1554.9
44.489	1565.9
44.506	1520.5
44.523	1571.2
44.54	1497.1
44.557	1544.9
44.574	1527.8
44.591	1526.4
44.608	1566.4
44.625	1585.1
44.642	1523.9
44.659	1537.3
44.676	1527.7
44.693	1559.1
44.71	1620.5
44.727	1549.6
44.744	1558.9
44.761	1542.6
44.778	1553.4
44.795	1574.9
44.812	1557.4
44.829	1549.4
44.846	1570.5
44.863	1559.7
44.88	1523.1
44.897	1526.7
44.914	1552.9
44.931	1536.1
44.948	1553.1
44.965	1555.2
44.982	1558.2
44.999	1560.7
45.016	1554.6
45.033	1535.3
45.05	1571.6
45.067	1565.2
45.084	1568.9
45.101	1567.2
45.118	1553.7
45.135	1548.8
45.152	1546.7
45.169	1559.1
45.186	1574.1
45.203	1544.5
45.22	1569.6
45.237	1579.1
45.254	1581.6
45.271	1596.7
45.288	1689.4
45.305	1713
45.322	1740.6
45.339	1669.6
45.356	1643.1
45.373	1583.7
45.39	1626.4
45.407	1613.2
45.424	1567.8
45.441	1547.8
45.458	1526.9
45.475	1496.2
45.492	1549.3
45.509	1582.1
45.526	1522.4
45.543	1561.4
45.56	1580.2
45.577	1535.5
45.594	1544.9
45.611	1573.2
45.628	1546
45.645	1574.2
45.662	1515.3
45.679	1535.8
45.696	1531.5
45.713	1525.6
45.73	1552
45.747	1568.1
45.764	1568.8
45.781	1565.1
45.798	1561.3
45.815	1490.9
45.832	1569.6
45.849	1576.3
45.866	1516.7
45.883	1513.1
45.9	1528.9
45.917	1510.6
45.934	1505.1
45.951	1508.2
45.968	1529.3
45.985	1563.6
46.002	1524.9
46.019	1508.7
46.036	1519.9
46.053	1520.6
46.07	1546.9
46.087	1560.6
46.104	1553.7
46.121	1546.8
46.138	1513.6
46.155	1540.2
46.172	1556.3
46.189	1512.7
46.206	1507.3
46.223	1498.1
46.24	1533.4
46.257	1572.1
46.274	1589.8
46.291	1582.5
46.308	1513.2
46.325	1549.2
46.342	1549.9
46.359	1518.3
46.376	1551.2
46.393	1491.9
46.41	1510.4
46.427	1566.5
46.444	1589.5
46.461	1563.1
46.478	1531.6
46.495	1527.2
46.512	1546.4
46.529	1552.2
46.546	1555
46.563	1550.9
46.58	1492.6
46.597	1609.8
46.614	1540.5
46.631	1516.5
46.648	1526.4
46.665	1547.5
46.682	1540.2
46.699	1545.4
46.716	1567.1
46.733	1564.7
46.75	1513
46.767	1530.4
46.784	1549.1
46.801	1504.7
46.818	1532.1
46.835	1534.5
46.852	1542.2
46.869	1547.9
46.886	1577.3
46.903	1550.2
46.92	1551.9
46.937	1535.1
46.954	1553.3
46.971	1558.4
46.988	1566.5
47.005	1589.8
47.022	1585.4
47.039	1558.1
47.056	1543.2
47.073	1545.5
47.09	1538.2
47.107	1543.1
47.124	1574.6
47.141	1552.4
47.158	1559.7
47.175	1585.8
47.192	1567.4
47.209	1575.2
47.226	1591.3
47.243	1546.2
47.26	1516.8
47.277	1498.9
47.294	1513.9
47.311	1514
47.328	1531.9
47.345	1558.9
47.362	1506.3
47.379	1465.4
47.396	1505
47.413	1521.4
47.43	1528.1
47.447	1545.2
47.464	1533.2
47.481	1537.8
47.498	1562.8
47.515	1514.2
47.532	1568
47.549	1598.2
47.566	1566.9
47.583	1530.3
47.6	1490.1
47.617	1540.8
47.634	1551.7
47.651	1517.4
47.668	1554.5
47.685	1532.4
47.702	1554.4
47.719	1542.8
47.736	1510.6
47.753	1553.3
47.77	1572.2
47.787	1543.2
47.804	1543.6
47.821	1506.1
47.838	1510.5
47.855	1550.6
47.872	1560.7
47.889	1556.2
47.906	1555.2
47.923	1495.4
47.94	1521.7
47.957	1578.9
47.974	1544.9
47.991	1528.3
48.008	1548.6
48.025	1542.7
48.042	1553.4
48.059	1542.5
48.076	1535.6
48.093	1561.9
48.11	1558.8
48.127	1540
48.144	1555.8
48.161	1550.8
48.178	1532.8
48.195	1544.4
48.212	1532.7
48.229	1512.8
48.246	1527.1
48.263	1558.1
48.28	1512.9
48.297	1527.5
48.314	1535.8
48.331	1551
48.348	1584.6
48.365	1609.8
48.382	1588.6
48.399	1566.8
48.416	1564.8
48.433	1591
48.45	1556.5
48.467	1523.2
48.484	1622.3
48.501	1609.6
48.518	1584.8
48.535	1547.4
48.552	1508.3
48.569	1544.1
48.586	1534.5
48.603	1604.2
48.62	1583.5
48.637	1699.3
48.654	1639
48.671	1632.5
48.688	1783.6
48.705	1768
48.722	1626.2
48.739	1660.2
48.756	1628.9
48.773	1599.1
48.79	1648.9
48.807	1648.4
48.824	1669
48.841	1637.8
48.858	1656.2
48.875	1734.5
48.892	1661.9
48.909	1659.3
48.926	1648.1
48.943	1650.7
48.96	1677.5
48.977	1669.1
48.994	1669.8
49.011	1665.1
49.028	1648.9
49.045	1631.2
49.062	1635.9
49.079	1651.5
49.096	1674.4
49.113	1664.8
49.13	1676.2
49.147	1662.1
49.164	1649.4
49.181	1682.2
49.198	1605.9
49.215	1621.4
49.232	1627.3
49.249	1636.1
49.266	1699.6
49.283	1676.8
49.3	1675.5
49.317	1714.4
49.334	1689.4
49.351	1694.5
49.368	1670.4
49.385	1662.2
49.402	1697.6
49.419	1690.2
49.436	1661.7
49.453	1659.3
49.47	1694.2
49.487	1666.8
49.504	1682.8
49.521	1725.2
49.538	1679.4
49.555	1654.4
49.572	1677.4
49.589	1683.6
49.606	1677.6
49.623	1689.6
49.64	1714.5
49.657	1706.5
49.674	1698.2
49.691	1686.7
49.708	1715.4
49.725	1736.5
49.742	1724
49.759	1643.8
49.776	1643.7
49.793	1688.6
49.81	1714.9
49.827	1728.5
49.844	1721.5
49.861	1735.1
49.878	1827.6
49.895	1741.9
49.912	1741.4
49.929	1766.7
49.946	1815.5
49.963	1901.6
49.98	1878
49.997	1848.4
50.014	1884.8
50.031	1866.1
50.048	1893.6
50.065	2052.4
50.082	2139.1
50.099	2165.6
50.116	2330.6
50.133	2513.1
50.15	2718
50.167	2903.3
50.184	3061
50.201	3212.5
50.218	3351.2
50.235	3660.2
50.252	3716.1
50.269	4082.9
50.286	4865.7
50.303	5749.2
50.32	7596.8
50.337	10762.8
50.354	15551.5
50.371	22968.8
50.388	34149.9
50.405	49744.4
50.422	66349.1
50.439	74767.8
50.456	67435.6
50.473	51398.8
50.49	35831.7
50.507	23370.5
50.524	15288.1
50.541	10886.5
50.558	8445.1
50.575	6824.7
50.592	5677.5
50.609	5271.4
50.626	4510.2
50.643	4233.4
50.66	3579.9
50.677	3247.8
50.694	2823.6
50.711	2732.9
50.728	2388.7
50.745	2033.6
50.762	2049.8
50.779	1907.1
50.796	1985.8
50.813	1951.2
50.83	1966.2
50.847	1892.7
50.864	1941.4
50.881	2023.5
50.898	1953.9
50.915	1995
50.932	1911.9
50.949	1854.1
50.966	1730.5
50.983	1771
51	1785.8
51.017	1767.3
51.034	1771.1
51.051	1755.9
51.068	1737.4
51.085	1729.4
51.102	1757.3
51.119	1838.1
51.136	1773.6
51.153	1736.6
51.17	1745.4
51.187	1718.9
51.204	1717.8
51.221	1728.2
51.238	1678.5
51.255	1612.2
51.272	1695.9
51.289	1693.9
51.306	1674.9
51.323	1656.1
51.34	1643.6
51.357	1685.3
51.374	1689.7
51.391	1685.5
51.408	1694.5
51.425	1709.6
51.442	1566.4
51.459	1680.5
51.476	1626.2
51.493	1664.3
51.51	1695.6
51.527	1610.9
51.544	1640.8
51.561	1640.6
51.578	1695.6
51.595	1656.8
51.612	1653.9
51.629	1666.6
51.646	1646.8
51.663	1674
51.68	1657.8
51.697	1655.6
51.714	1662.3
51.731	1604.4
51.748	1628.6
51.765	1655.8
51.782	1666.2
51.799	1637.5
51.816	1629.1
51.833	1632.4
51.85	1653.1
51.867	1635.9
51.884	1588.1
51.901	1606.4
51.918	1612.1
51.935	1613.8
51.952	1625.9
51.969	1623.6
51.986	1618.6
52.003	1643.3
52.02	1629.2
52.037	1585.4
52.054	1592.4
52.071	1614.1
52.088	1596.5
52.105	1556.6
52.122	1568.4
52.139	1606.2
52.156	1596.1
52.173	1630.7
52.19	1638.6
52.207	1584.8
52.224	1583.1
52.241	1616
52.258	1617.8
52.275	1644.4
52.292	1618.5
52.309	1610.2
52.326	1596.1
52.343	1579.2
52.36	1554.8
52.377	1615.1
52.394	1616.7
52.411	1627.6
52.428	1618.6
52.445	1562.4
52.462	1527.1
52.479	1622
52.496	1574.8
52.513	1590.5
52.53	1628.4
52.547	1586.2
52.564	1587.6
52.581	1569.6
52.598	1622.8
52.615	1557.4
52.632	1579.2
52.649	1582.2
52.666	1585.7
52.683	1582.9
52.7	1616.5
52.717	1670.9
52.734	1635.4
52.751	1609.1
52.768	1596.1
52.785	1613.5
52.802	1605.2
52.819	1593.5
52.836	1602.2
52.853	1624
52.87	1654.3
52.887	1625.6
52.904	1600.8
52.921	1565.5
52.938	1558.5
52.955	1582.9
52.972	1598.7
52.989	1625.4
53.006	1614.6
53.023	1608.1
53.04	1606.9
53.057	1572.6
53.074	1567.1
53.091	1570.8
53.108	1614.6
53.125	1605.5
53.142	1565.8
53.159	1579.4
53.176	1604
53.193	1632.4
53.21	1577.2
53.227	1609.2
53.244	1566.1
53.261	1584
53.278	1585.1
53.295	1599.4
53.312	1557.2
53.329	1560.9
53.346	1577.4
53.363	1599.5
53.38	1594.3
53.397	1630.5
53.414	1622.1
53.431	1622.4
53.448	1608.2
53.465	1550.2
53.482	1586.5
53.499	1610.6
53.516	1616.2
53.533	1544.1
53.55	1607.4
53.567	1565.9
53.584	1565.5
53.601	1572.2
53.618	1559.1
53.635	1561.8
53.652	1588.5
53.669	1561.5
53.686	1525.2
53.703	1591.1
53.72	1579.2
53.737	1610.5
53.754	1557.7
53.771	1600.2
53.788	1585.5
53.805	1546.3
53.822	1551
53.839	1552.1
53.856	1570.1
53.873	1573.1
53.89	1588.8
53.907	1555.4
53.924	1595.6
53.941	1618.5
53.958	1578.2
53.975	1581.8
53.992	1575.9
54.009	1544.4
54.026	1567.8
54.043	1578.6
54.06	1540.2
54.077	1546.5
54.094	1585.9
54.111	1571.1
54.128	1603.5
54.145	1595.4
54.162	1586.6
54.179	1609.5
54.196	1568.6
54.213	1564.8
54.23	1609.4
54.247	1615.9
54.264	1616.6
54.281	1651.7
54.298	1550.9
54.315	1551.3
54.332	1570.9
54.349	1555.3
54.366	1589.5
54.383	1550.5
54.4	1557.1
54.417	1530.1
54.434	1594.3
54.451	1583.1
54.468	1581.4
54.485	1527.2
54.502	1594.4
54.519	1599.4
54.536	1573
54.553	1559.9
54.57	1607.2
54.587	1612.4
54.604	1645.1
54.621	1550.2
54.638	1557
54.655	1618.4
54.672	1573.5
54.689	1536.1
54.706	1586.8
54.723	1599.8
54.74	1593.5
54.757	1555.6
54.774	1599.5
54.791	1623.8
54.808	1625.9
54.825	1706.9
54.842	1733.5
54.859	1673.6
54.876	1603.7
54.893	1599.5
54.91	1607.9
54.927	1606.4
54.944	1612.6
54.961	1621.2
54.978	1609.1
54.995	1611.9
55.012	1642.1
55.029	1625.6
55.046	1587.4
55.063	1591.6
55.08	1570.6
55.097	1580.9
55.114	1581.5
55.131	1605.2
55.148	1591.8
55.165	1571.2
55.182	1559.9
55.199	1599.1
55.216	1715.5
55.233	1514.8
55.25	1513.6
55.267	1544.1
55.284	1606.8
55.301	1574.8
55.318	1630.6
55.335	1561.6
55.352	1589.9
55.369	1635.2
55.386	1599.3
55.403	1498
55.42	1592.5
55.437	1569.3
55.454	1572.9
55.471	1555.3
55.488	1560
55.505	1558.5
55.522	1539.1
55.539	1619.8
55.556	1596
55.573	1532.5
55.59	1542.9
55.607	1588.4
55.624	1579.2
55.641	1584.1
55.658	1613.1
55.675	1535.4
55.692	1557.5
55.709	1564.4
55.726	1555.5
55.743	1579.3
55.76	1584.5
55.777	1590.5
55.794	1565.3
55.811	1538.1
55.828	1543.2
55.845	1594.9
55.862	1591.5
55.879	1568.9
55.896	1584.4
55.913	1589
55.93	1556.6
55.947	1551.7
55.964	1565.2
55.981	1596
55.998	1530.1
56.015	1502.6
56.032	1547.8
56.049	1594.1
56.066	1608.2
56.083	1561.8
56.1	1528.2
56.117	1547.9
56.134	1547.3
56.151	1570.5
56.168	1609.1
56.185	1591.4
56.202	1550.5
56.219	1557.6
56.236	1536.9
56.253	1567
56.27	1567
56.287	1570.4
56.304	1621.9
56.321	1587.4
56.338	1573.4
56.355	1501.2
56.372	1538.3
56.389	1576.1
56.406	1588.3
56.423	1517.1
56.44	1582.4
56.457	1571.8
56.474	1555.9
56.491	1598.8
56.508	1548.7
56.525	1561.1
56.542	1578.5
56.559	1571.8
56.576	1582.5
56.593	1556.4
56.61	1532.2
56.627	1553.5
56.644	1577.8
56.661	1590.5
56.678	1597.8
56.695	1578.2
56.712	1582.2
56.729	1598.9
56.746	1565.9
56.763	1579.8
56.78	1559.5
56.797	1535.3
56.814	1542.9
56.831	1590.8
56.848	1617.9
56.865	1598.7
56.882	1577
56.899	1563.9
56.916	1609.4
56.933	1598.9
56.95	1579.1
56.967	1531.8
56.984	1531.1
57.001	1565.1
57.018	1565.2
57.035	1551.8
57.052	1533.5
57.069	1544.5
57.086	1599.5
57.103	1573.1
57.12	1543.4
57.137	1550.6
57.154	1561.5
57.171	1569.1
57.188	1573.5
57.205	1609.8
57.222	1558.9
57.239	1559.8
57.256	1601.5
57.273	1559.4
57.29	1534.8
57.307	1567.2
57.324	1618.4
57.341	1623.2
57.358	1592.6
57.375	1554.4
57.392	1560.7
57.409	1557.2
57.426	1575.9
57.443	1558.1
57.46	1543.9
57.477	1561.8
57.494	1621.5
57.511	1607.8
57.528	1512.5
57.545	1566.9
57.562	1552.2
57.579	1585.5
57.596	1560.5
57.613	1553.1
57.63	1554.5
57.647	1546.9
57.664	1562
57.681	1573.2
57.698	1495.6
57.715	1479.8
57.732	1573.9
57.749	1602.4
57.766	1575.1
57.783	1561.2
57.8	1565.5
57.817	1586.8
57.834	1549.8
57.851	1532.6
57.868	1575.2
57.885	1578.6
57.902	1571.6
57.919	1564.5
57.936	1557.2
57.953	1558.4
57.97	1533.4
57.987	1557.9
58.004	1586.9
58.021	1569.2
58.038	1554.8
58.055	1536.2
58.072	1557.4
58.089	1594.6
58.106	1588.4
58.123	1593.7
58.14	1591.5
58.157	1629.9
58.174	1609.4
58.191	1550.8
58.208	1546.5
58.225	1540
58.242	1556.9
58.259	1570.9
58.276	1568.8
58.293	1564.1
58.31	1532.7
58.327	1531.6
58.344	1587.2
58.361	1543.1
58.378	1561
58.395	1560.4
58.412	1551.9
58.429	1568.4
58.446	1604.5
58.463	1575.9
58.48	1497.8
58.497	1543.1
58.514	1545.9
58.531	1574.6
58.548	1554.1
58.565	1571.4
58.582	1563.9
58.599	1591.5
58.616	1536.8
58.633	1552.2
58.65	1584.6
58.667	1532.4
58.684	1557.6
58.701	1597.9
58.718	1578.4
58.735	1552.5
58.752	1558.9
58.769	1542.5
58.786	1551.6
58.803	1562.1
58.82	1563.9
58.837	1578.4
58.854	1582.7
58.871	1545.4
58.888	1538.4
58.905	1576.2
58.922	1561.5
58.939	1524.7
58.956	1568.4
58.973	1573.9
58.99	1571.2
59.007	1541.9
59.024	1525.9
59.041	1542.7
59.058	1582.9
59.075	1532.8
59.092	1531.1
59.109	1562.4
59.126	1536.7
59.143	1547.6
59.16	1543.2
59.177	1575.8
59.194	1540.1
59.211	1541.1
59.228	1545.6
59.245	1587.5
59.262	1580.6
59.279	1587.8
59.296	1551.5
59.313	1543.9
59.33	1543.2
59.347	1546.9
59.364	1544.2
59.381	1532.9
59.398	1547.6
59.415	1541.6
59.432	1535.3
59.449	1541.6
59.466	1562.4
59.483	1495.1
59.5	1603.5
59.517	1532.7
59.534	1560.2
59.551	1562.9
59.568	1560.2
59.585	1548.9
59.602	1576.5
59.619	1535.7
59.636	1517.5
59.653	1558.6
59.67	1567.5
59.687	1559.6
59.704	1554.1
59.721	1571.8
59.738	1586.2
59.755	1603.8
59.772	1583.3
59.789	1571
59.806	1555.5
59.823	1564.4
59.84	1571.2
59.857	1574.5
59.874	1580.6
59.891	1558.2
59.908	1544.6
59.925	1522.7
59.942	1533.5
59.959	1524.7
59.976	1505.5
59.993	1531.8
60.01	1560.4
60.027	1550.2
60.044	1555
60.061	1571.5
60.078	1579.9
60.095	1576.5
60.112	1538.1
60.129	1573.8
60.146	1600.8
60.163	1562.4
60.18	1521.1
60.197	1524.4
60.214	1547.1
60.231	1551.4
60.248	1587.4
60.265	1558
60.282	1496
60.299	1533.6
60.316	1621.5
60.333	1594.8
60.35	1558.1
60.367	1529
60.384	1562.1
60.401	1578.9
60.418	1560.3
60.435	1548.8
60.452	1548.9
60.469	1592
60.486	1528.5
60.503	1534.2
60.52	1510.6
60.537	1586.1
60.554	1600.8
60.571	1566.9
60.588	1594.5
60.605	1542
60.622	1587.3
60.639	1545.9
60.656	1576
60.673	1574.4
60.69	1548.6
60.707	1543.1
60.724	1561.8
60.741	1589.5
60.758	1564.9
60.775	1546.2
60.792	1533.5
60.809	1526
60.826	1541.4
60.843	1531.6
60.86	1542.8
60.877	1571.8
60.894	1566.3
60.911	1540.1
60.928	1559.7
60.945	1601.5
60.962	1576.7
60.979	1557.1
60.996	1570.8
61.013	1520.2
61.03	1524.1
61.047	1526.1
61.064	1542.1
61.081	1512.5
61.098	1537.2
61.115	1543.1
61.132	1588.4
61.149	1532.1
61.166	1548.8
61.183	1543.7
61.2	1522.7
61.217	1515.9
61.234	1487.4
61.251	1573.1
61.268	1557.9
61.285	1556.9
61.302	1577.2
61.319	1671.6
61.336	1581.3
61.353	1525.1
61.37	1572.1
61.387	1541.6
61.404	1553.5
61.421	1579.1
61.438	1592.2
61.455	1533.4
61.472	1569.6
61.489	1548.2
61.506	1553.3
61.523	1587.5
61.54	1548
61.557	1548
61.574	1547.1
61.591	1533.8
61.608	1562.8
61.625	1557.6
61.642	1519.2
61.659	1524.5
61.676	1563.8
61.693	1561.8
61.71	1573.4
61.727	1544.1
61.744	1498.2
61.761	1518.3
61.778	1539.7
61.795	1552.1
61.812	1569.8
61.829	1579.9
61.846	1547.2
61.863	1565.5
61.88	1557.5
61.897	1566.8
61.914	1593.5
61.931	1566.8
61.948	1532.1
61.965	1534.8
61.982	1562.3
61.999	1552.9
62.016	1582.4
62.033	1569.1
62.05	1508.7
62.067	1551.5
62.084	1544.9
62.101	1561.2
62.118	1579.6
62.135	1574.3
62.152	1578.1
62.169	1560.8
62.186	1528.6
62.203	1571.9
62.22	1583
62.237	1534.5
62.254	1526.2
62.271	1527.1
62.288	1483.6
62.305	1542.7
62.322	1562.2
62.339	1684.2
62.356	1545.8
62.373	1589.5
62.39	1579.2
62.407	1551.5
62.424	1558.5
62.441	1533.8
62.458	1519.6
62.475	1592.3
62.492	1562.8
62.509	1530.2
62.526	1582.2
62.543	1582.6
62.56	1542.9
62.577	1512.8
62.594	1555.5
62.611	1534.1
62.628	1568.9
62.645	1583.1
62.662	1565.8
62.679	1533.3
62.696	1571.5
62.713	1591.9
62.73	1543.1
62.747	1560.8
62.764	1572.6
62.781	1551.2
62.798	1552.8
62.815	1532.5
62.832	1510.3
62.849	1532.5
62.866	1555.5
62.883	1547.6
62.9	1540.8
62.917	1538.8
62.934	1566.6
62.951	1560.2
62.968	1561.5
62.985	1537.7
63.002	1548.5
63.019	1543.2
63.036	1594
63.053	1579.4
63.07	1599.9
63.087	1564.9
63.104	1545.8
63.121	1527.1
63.138	1543.2
63.155	1534
63.172	1579.6
63.189	1544.5
63.206	1581.5
63.223	1543.2
63.24	1575.6
63.257	1539.6
63.274	1583.6
63.291	1619.4
63.308	1530.8
63.325	1539.3
63.342	1484.5
63.359	1552.1
63.376	1494.3
63.393	1564.9
63.41	1592.9
63.427	1556.8
63.444	1506.6
63.461	1534.4
63.478	1570.8
63.495	1554.1
63.512	1586.1
63.529	1556.9
63.546	1572.3
63.563	1579.1
63.58	1609.9
63.597	1576.2
63.614	1580.2
63.631	1584.2
63.648	1589.1
63.665	1606.4
63.682	1594.2
63.699	1564.7
63.716	1561.3
63.733	1580.6
63.75	1557.6
63.767	1551.2
63.784	1554.9
63.801	1569.5
63.818	1576.2
63.835	1545.9
63.852	1529.1
63.869	1532.1
63.886	1568.1
63.903	1599.9
63.92	1581.9
63.937	1576
63.954	1497.5
63.971	1523.1
63.988	1556.3
64.005	1546.5
64.022	1570.2
64.039	1557.3
64.056	1547.1
64.073	1562.6
64.09	1539.5
64.107	1521.2
64.124	1615.9
64.141	1550.3
64.158	1542.6
64.175	1596.8
64.192	1546.1
64.209	1562.2
64.226	1562.9
64.243	1756.4
64.26	1541.8
64.277	1605.5
64.294	1657.4
64.311	1596.2
64.328	1541.5
64.345	1639.8
64.362	1540.2
64.379	1544.4
64.396	1551.6
64.413	1578.4
64.43	1584.2
64.447	1572.2
64.464	1587.5
64.481	1518.6
64.498	1576
64.515	1562.9
64.532	1605.6
64.549	1551.1
64.566	1538.9
64.583	1569.8
64.6	1580.6
64.617	1558.3
64.634	1549.5
64.651	1585.8
64.668	1535
64.685	1537.6
64.702	1580.2
64.719	1600.5
64.736	1607
64.753	1573.7
64.77	1552.6
64.787	1546.2
64.804	1535.4
64.821	1557.7
64.838	1552.6
64.855	1549
64.872	1582.1
64.889	1600.5
64.906	1608.1
64.923	1592.8
64.94	1587.6
64.957	1549.7
64.974	1563.5
64.991	1602.1
65.008	1586.7
65.025	1564.1
65.042	1536.2
65.059	1569.5
65.076	1544.9
65.093	1543.8
65.11	1556.1
65.127	1543.6
65.144	1571.6
65.161	1612.5
65.178	1586.1
65.195	1555.1
65.212	1539.9
65.229	1541
65.246	1572.1
65.263	1556.5
65.28	1549.5
65.297	1557
65.314	1542.5
65.331	1563.6
65.348	1528.6
65.365	1594
65.382	1701.1
65.399	1618.7
65.416	1566.6
65.433	1577
65.45	1587.2
65.467	1500.4
65.484	1587.7
65.501	1596.1
65.518	1550.9
65.535	1564.8
65.552	1563.1
65.569	1579
65.586	1562.5
65.603	1557.1
65.62	1589.6
65.637	1564.5
65.654	1528.5
65.671	1583.9
65.688	1565.9
65.705	1549.8
65.722	1579.3
65.739	1583.1
65.756	1569.1
65.773	1587.1
65.79	1585.8
65.807	1549.4
65.824	1544
65.841	1606.5
65.858	1579.2
65.875	1535.6
65.892	1564.9
65.909	1612.5
65.926	1620.9
65.943	1618.6
65.96	1594.9
65.977	1578
65.994	1591.9
66.011	1561.1
66.028	1597.8
66.045	1638.8
66.062	1587.1
66.079	1571.6
66.096	1566.4
66.113	1584.2
66.13	1524.8
66.147	1538.5
66.164	1562.5
66.181	1559.5
66.198	1645.8
66.215	1625.1
66.232	1607.3
66.249	1567.2
66.266	1618.8
66.283	1628
66.3	1578.5
66.317	1553.1
66.334	1541.6
66.351	1597.6
66.368	1576.1
66.385	1590.5
66.402	1552.3
66.419	1571.4
66.436	1547.1
66.453	1581.3
66.47	1586.6
66.487	1592.8
66.504	1544
66.521	1575.5
66.538	1569.4
66.555	1590.6
66.572	1568.3
66.589	1557.8
66.606	1573
66.623	1604
66.64	1587.6
66.657	1580.1
66.674	1566.5
66.691	1575.5
66.708	1583.4
66.725	1574.5
66.742	1581.2
66.759	1553.1
66.776	1569.2
66.793	1557.4
66.81	1578.9
66.827	1577.2
66.844	1566.1
66.861	1597.8
66.878	1578.9
66.895	1592.5
66.912	1570.1
66.929	1601.8
66.946	1566.5
66.963	1558.6
66.98	1569.4
66.997	1592.5
67.014	1598.2
67.031	1553.5
67.048	1546.6
67.065	1557.2
67.082	1574.4
67.099	1550.5
67.116	1575.8
67.133	1603.9
67.15	1583.4
67.167	1541.5
67.184	1549.9
67.201	1566.7
67.218	1592.1
67.235	1566.1
67.252	1627.5
67.269	1555.9
67.286	1575.1
67.303	1637.2
67.32	1592.3
67.337	1591.9
67.354	1513.8
67.371	1576.1
67.388	1604.2
67.405	1525.7
67.422	1508.9
67.439	1569.7
67.456	1549.8
67.473	1563.4
67.49	1582.7
67.507	1545.5
67.524	1538.8
67.541	1568.1
67.558	1582.8
67.575	1546.9
67.592	1545.4
67.609	1552.6
67.626	1561.5
67.643	1555
67.66	1587.8
67.677	1600.7
67.694	1610.5
67.711	1584.9
67.728	1551.9
67.745	1566.8
67.762	1579
67.779	1579.2
67.796	1579.6
67.813	1542.8
67.83	1557.2
67.847	1577.2
67.864	1578.4
67.881	1552.3
67.898	1541.4
67.915	1549.6
67.932	1590.8
67.949	1570.1
67.966	1555.4
67.983	1564.5
68	1603.4
68.017	1592.4
68.034	1579.4
68.051	1538.8
68.068	1553.3
68.085	1575.5
68.102	1597.4
68.119	1572
68.136	1569.6
68.153	1534.2
68.17	1569.1
68.187	1567.8
68.204	1519.1
68.221	1575.8
68.238	1678.6
68.255	1593.9
68.272	1621.4
68.289	1580.6
68.306	1606.6
68.323	1613.4
68.34	1556.7
68.357	1567.9
68.374	1565.5
68.391	1558.9
68.408	1586.9
68.425	1540.4
68.442	1579.8
68.459	1605.5
68.476	1549.9
68.493	1564.2
68.51	1553.1
68.527	1570.6
68.544	1564.2
68.561	1568.3
68.578	1571.8
68.595	1552.2
68.612	1555.6
68.629	1565.9
68.646	1563.3
68.663	1552.8
68.68	1568.3
68.697	1606.4
68.714	1627.4
68.731	1602.3
68.748	1606.9
68.765	1604.3
68.782	1591.8
68.799	1571.6
68.816	1551.5
68.833	1591.8
68.85	1603.8
68.867	1585.1
68.884	1587
68.901	1586.2
68.918	1573
68.935	1573.9
68.952	1587.5
68.969	1581.1
68.986	1598.8
69.003	1590.3
69.02	1513.7
69.037	1498.2
69.054	1581
69.071	1563.5
69.088	1539.8
69.105	1552.3
69.122	1557
69.139	1557.1
69.156	1561.1
69.173	1595.6
69.19	1603.4
69.207	1578
69.224	1578.7
69.241	1588.3
69.258	1560.5
69.275	1554.8
69.292	1584.1
69.309	1597.7
69.326	1546.2
69.343	1566.7
69.36	1592.6
69.377	1570.5
69.394	1559.4
69.411	1523.4
69.428	1610
69.445	1622.6
69.462	1570.8
69.479	1598.4
69.496	1588.1
69.513	1574.6
69.53	1583
69.547	1565.9
69.564	1549.8
69.581	1563.2
69.598	1567.3
69.615	1572.7
69.632	1585
69.649	1601.6
69.666	1610.3
69.683	1596.6
69.7	1557.5
69.717	1548.9
69.734	1546.3
69.751	1537.1
69.768	1571.6
69.785	1580.8
69.802	1563.2
69.819	1581.4
69.836	1572.5
69.853	1596.4
69.87	1601.1
69.887	1587.4
69.904	1609.4
69.921	1598.8
69.938	1593.8
69.955	1560.1
69.972	1594.1
69.989	1597.4
70.006	1617.2
70.023	1583.9
70.04	1522.4
70.057	1575.2
70.074	1549
70.091	1597.1
70.108	1595.8
70.125	1562.8
70.142	1606.7
70.159	1587.2
70.176	1606.5
70.193	1613.8
70.21	1593.3
70.227	1566.5
70.244	1573.9
70.261	1572.6
70.278	1579.5
70.295	1544.1
70.312	1607.7
70.329	1572.1
70.346	1592.9
70.363	1637.2
70.38	1591
70.397	1576.3
70.414	1593.8
70.431	1544.4
70.448	1568.5
70.465	1605.8
70.482	1573.4
70.499	1610.8
70.516	1591.6
70.533	1584.3
70.55	1573.7
70.567	1584.3
70.584	1574.2
70.601	1593.9
70.618	1592.7
70.635	1605.2
70.652	1623.1
70.669	1609.2
70.686	1614.4
70.703	1635.5
70.72	1609.5
70.737	1568.8
70.754	1565.5
70.771	1575.4
70.788	1599.7
70.805	1624.5
70.822	1584.3
70.839	1588.1
70.856	1574.2
70.873	1594.6
70.89	1619.5
70.907	1610.1
70.924	1588.6
70.941	1721.6
70.958	1633.5
70.975	1608.6
70.992	1599.9
71.009	1567.4
71.026	1574
71.043	1576
71.06	1608.5
71.077	1617.3
71.094	1620.9
71.111	1601.8
71.128	1582.2
71.145	1571.8
71.162	1617.4
71.179	1623.6
71.196	1618
71.213	1634.3
71.23	1635.4
71.247	1580.8
71.264	1641.8
71.281	1634.2
71.298	1555
71.315	1513.2
71.332	1614.3
71.349	1633
71.366	1602.2
71.383	1620.3
71.4	1594.7
71.417	1623.5
71.434	1645.3
71.451	1616.6
71.468	1594.6
71.485	1606.9
71.502	1652.5
71.519	1640.4
71.536	1582.9
71.553	1582.1
71.57	1598.2
71.587	1583.9
71.604	1567.2
71.621	1589.4
71.638	1645.5
71.655	1667.3
71.672	1637.6
71.689	1600.1
71.706	1604
71.723	1650.7
71.74	1629.4
71.757	1620.4
71.774	1640.6
71.791	1620.4
71.808	1643.1
71.825	1658
71.842	1626.5
71.859	1635
71.876	1635.4
71.893	1640
71.91	1622.5
71.927	1599
71.944	1615.7
71.961	1628.4
71.978	1651.8
71.995	1677
72.012	1612.6
72.029	1610.2
72.046	1665.6
72.063	1736.4
72.08	1676.5
72.097	1650.7
72.114	1630.7
72.131	1643.3
72.148	1660.6
72.165	1607.4
72.182	1610.2
72.199	1567.5
72.216	1606.1
72.233	1594.4
72.25	1630.6
72.267	1593.8
72.284	1609.2
72.301	1658.9
72.318	1623.9
72.335	1588.2
72.352	1547.2
72.369	1616.4
72.386	1649.4
72.403	1576.2
72.42	1597.1
72.437	1616.1
72.454	1648.8
72.471	1646.8
72.488	1659.4
72.505	1647.6
72.522	1627.2
72.539	1646.6
72.556	1657.4
72.573	1679.9
72.59	1677.8
72.607	1673.1
72.624	1641.1
72.641	1613.6
72.658	1672.3
72.675	1689.2
72.692	1626.5
72.709	1602.8
72.726	1614.2
72.743	1603.2
72.76	1625
72.777	1656.8
72.794	1653.3
72.811	1641.5
72.828	1633.9
72.845	1632.7
72.862	1628.6
72.879	1638.2
72.896	1640.5
72.913	1618.4
72.93	1642.4
72.947	1662.8
72.964	1627
72.981	1610.3
72.998	1601
73.015	1634.1
73.032	1651.4
73.049	1643.1
73.066	1674.2
73.083	1646.5
73.1	1669.8
73.117	1666.9
73.134	1662.6
73.151	1610
73.168	1644.6
73.185	1686.8
73.202	1697.7
73.219	1675.6
73.236	1653.5
73.253	1645.8
73.27	1644
73.287	1658.2
73.304	1630.8
73.321	1659.2
73.338	1665.4
73.355	1702.5
73.372	1681.6
73.389	1721.5
73.406	1695.8
73.423	1660.8
73.44	1671.2
73.457	1641.6
73.474	1637.4
73.491	1675.1
73.508	1661.4
73.525	1669.5
73.542	1695.6
73.559	1739.1
73.576	1773.4
73.593	1783.4
73.61	1840.8
73.627	1886
73.644	1902.1
73.661	1907.8
73.678	1986.8
73.695	2016.5
73.712	2026.9
73.729	2056.2
73.746	2026.5
73.763	2022.4
73.78	2096.9
73.797	2174.8
73.814	2173.9
73.831	2224.8
73.848	2305
73.865	2356.9
73.882	2430
73.899	2602.9
73.916	2828.4
73.933	3155.6
73.95	3732.2
73.967	4702
73.984	6225.3
74.001	8819.6
74.018	12956.5
74.035	18760.2
74.052	26018.8
74.069	30650.4
74.086	28981.1
74.103	23862.6
74.12	18199.5
74.137	13218
74.154	9519.8
74.171	7092.6
74.188	5614.3
74.205	4550.3
74.222	3806.4
74.239	3325.3
74.256	2951.2
74.273	2752.5
74.29	2337.9
74.307	2492
74.324	2400.4
74.341	2219.1
74.358	2293.1
74.375	2180.3
74.392	2132.8
74.409	2062.8
74.426	2025.6
74.443	2003.7
74.46	2010.1
74.477	1927.7
74.494	1863.9
74.511	1937.1
74.528	1839.5
74.545	1796.3
74.562	1747.5
74.579	1661.5
74.596	1704.8
74.613	1762.9
74.63	1728.6
74.647	1705.8
74.664	1686.6
74.681	1685.2
74.698	1752
74.715	1748.3
74.732	1692.4
74.749	1745.6
74.766	1737.7
74.783	1701.2
74.8	1705.9
74.817	1717.6
74.834	1684.4
74.851	1767.7
74.868	1716.2
74.885	1734.9
74.902	1729.9
74.919	1664
74.936	1653.3
74.953	1732.2
74.97	1639.7
74.987	1635.4
75.004	1644.7
75.021	1700.8
75.038	1649.8
75.055	1666.7
75.072	1724.5
75.089	1700.4
75.106	1689.9
75.123	1671.1
75.14	1658.2
75.157	1679.1
75.174	1692.9
75.191	1643.1
75.208	1647.6
75.225	1685.6
75.242	1616.8
75.259	1646.2
75.276	1648.4
75.293	1627.1
75.31	1690.4
75.327	1648.1
75.344	1636.1
75.361	1668.6
75.378	1647.4
75.395	1651.8
75.412	1632.3
75.429	1636
75.446	1620.4
75.463	1625.8
75.48	1621.3
75.497	1612.1
75.514	1646.6
75.531	1671
75.548	1653.9
75.565	1638.9
75.582	1669.9
75.599	1666.2
75.616	1640
75.633	1671.1
75.65	1654.5
75.667	1631
75.684	1632.1
75.701	1648.4
75.718	1636.8
75.735	1620.6
75.752	1678.5
75.769	1670.9
75.786	1668.2
75.803	1652.3
75.82	1611.2
75.837	1643.6
75.854	1607.9
75.871	1638.4
75.888	1645.8
75.905	1658.8
75.922	1655.2
75.939	1660.9
75.956	1703.4
75.973	1644.4
75.99	1621.9
76.007	1664.6
76.024	1598.6
76.041	1656.6
76.058	1659.6
76.075	1790.8
76.092	1686.4
76.109	1611.6
76.126	1607.8
76.143	1639.6
76.16	1681.2
76.177	1667.1
76.194	1652.8
76.211	1662.4
76.228	1623.1
76.245	1667.4
76.262	1596.6
76.279	1638.8
76.296	1636.3
76.313	1639.5
76.33	1617.6
76.347	1644.2
76.364	1646.1
76.381	1633
76.398	1646.8
76.415	1609.7
76.432	1573.9
76.449	1591.1
76.466	1642.8
76.483	1667.7
76.5	1613.3
76.517	1587
76.534	1601.8
76.551	1585.1
76.568	1619.1
76.585	1633.8
76.602	1598.3
76.619	1604.3
76.636	1627.4
76.653	1663.9
76.67	1643.4
76.687	1586.8
76.704	1600.9
76.721	1617.4
76.738	1654.1
76.755	1638.8
76.772	1621
76.789	1636
76.806	1620.4
76.823	1625.6
76.84	1618.2
76.857	1605.2
76.874	1612.9
76.891	1672.7
76.908	1634.9
76.925	1616.7
76.942	1594.7
76.959	1574.8
76.976	1588.8
76.993	1604.9
77.01	1649.1
77.027	1606.4
77.044	1657.6
77.061	1622.5
77.078	1662.5
77.095	1667.2
77.112	1622.5
77.129	1612.3
77.146	1586.4
77.163	1607.4
77.18	1598.6
77.197	1612
77.214	1659.3
77.231	1645.4
77.248	1606.9
77.265	1652.9
77.282	1633.4
77.299	1592.7
77.316	1620.8
77.333	1634.5
77.35	1654.7
77.367	1587.9
77.384	1618.1
77.401	1605.9
77.418	1653.5
77.435	1658.9
77.452	1624.5
77.469	1600.9
77.486	1601.9
77.503	1633.3
77.52	1636.2
77.537	1607.5
77.554	1616.1
77.571	1636
77.588	1667.1
77.605	1651.6
77.622	1644.7
77.639	1641.5
77.656	1665
77.673	1647
77.69	1616.2
77.707	1633.9
77.724	1599.1
77.741	1585.7
77.758	1601.3
77.775	1669.3
77.792	1656.9
77.809	1637.9
77.826	1622.9
77.843	1649.2
77.86	1589.4
77.877	1594.5
77.894	1572.9
77.911	1620.8
77.928	1635.5
77.945	1658.5
77.962	1634.1
77.979	1636.8
77.996	1663.9
78.013	1645.5
78.03	1621.8
78.047	1634.8
78.064	1629.3
78.081	1601.5
78.098	1591.9
78.115	1576
78.132	1591.9
78.149	1596.4
78.166	1678.9
78.183	1629.3
78.2	1632.7
78.217	1612.7
78.234	1625.9
78.251	1653.4
78.268	1610.5
78.285	1588.2
78.302	1607.8
78.319	1619.8
78.336	1616.8
78.353	1627.4
78.37	1586.6
78.387	1613.6
78.404	1641.4
78.421	1661.2
78.438	1630.5
78.455	1606.7
78.472	1617
78.489	1600.6
78.506	1594.7
78.523	1605.4
78.54	1595.8
78.557	1611.6
78.574	1652.1
78.591	1637.9
78.608	1637.7
78.625	1647.2
78.642	1619.3
78.659	1623.1
78.676	1608.6
78.693	1620.2
78.71	1639
78.727	1624.5
78.744	1648.2
78.761	1649.1
78.778	1603.1
78.795	1618.6
78.812	1597.2
78.829	1599.3
78.846	1573.6
78.863	1602.9
78.88	1664.5
78.897	1654.1
78.914	1624.3
78.931	1639.6
78.948	1558.7
78.965	1651.2
78.982	1668.6
78.999	1627.8
79.016	1595.1
79.033	1643
79.05	1613.1
79.067	1646.6
79.084	1641.8
79.101	1646.3
79.118	1526.5
79.135	1586.8
79.152	1645.9
79.169	1631.2
79.186	1666.4
79.203	1654.8
79.22	1621.9
79.237	1650.8
79.254	1618.8
79.271	1664.4
79.288	1684.2
79.305	1651.8
79.322	1602.2
79.339	1634.9
79.356	1602.5
79.373	1610.1
79.39	1613.8
79.407	1643.8
79.424	1672.4
79.441	1676.2
79.458	1647.6
79.475	1640.6
79.492	1633
79.509	1601.5
79.526	1608.8
79.543	1604.6
79.56	1600.5
79.577	1624.5
79.594	1617.6
79.611	1627.1
79.628	1628.2
79.645	1632.6
79.662	1658.6
79.679	1655
79.696	1684.5
79.713	1644.1
79.73	1645.4
79.747	1635.6
79.764	1645.2
79.781	1634.1
79.798	1648.9
79.815	1618
79.832	1650.5
79.849	1657.5
79.866	1632.8
79.883	1627.5
79.9	1604.1
79.917	1620.1
79.934	1589.4
79.951	1575.9
79.968	1529.4
