20.009	654.2
20.026	704.9
20.043	687.5
20.06	693.5
20.077	669.9
20.094	668.6
20.111	679.4
20.128	684.7
20.145	679
20.162	664.1
20.179	679.3
20.196	652.2
20.213	654.9
20.23	641.3
20.247	692.9
20.264	675.4
20.281	666.2
20.298	685.1
20.315	670.4
20.332	676
20.349	674.2
20.366	646.6
20.383	674
20.4	690.5
20.417	697.2
20.434	685.6
20.451	695.6
20.468	686.8
20.485	650.4
20.502	642
20.519	658.4
20.536	664.4
20.553	669.6
20.57	664
20.587	663.5
20.604	657.5
20.621	681.5
20.638	690.5
20.655	696.4
20.672	671.4
20.689	675.1
20.706	647.9
20.723	694.6
20.74	687.2
20.757	659.2
20.774	678.1
20.791	664.1
20.808	667.3
20.825	688.3
20.842	692.6
20.859	685.9
20.876	670.1
20.893	702.2
20.91	679.2
20.927	759.4
20.944	700.2
20.961	687.1
20.978	672.8
20.995	684.2
21.012	675.7
21.029	747.2
21.046	686.4
21.063	675.5
21.08	667.1
21.097	668.7
21.114	679.9
21.131	676.2
21.148	635.2
21.165	685.2
21.182	672.1
21.199	658.9
21.216	685.9
21.233	637.6
21.25	664.6
21.267	690.8
21.284	686.6
21.301	665.9
21.318	695.9
21.335	694.4
21.352	684.1
21.369	685.9
21.386	683.4
21.403	659
21.42	675.5
21.437	682.6
21.454	676
21.471	675.2
21.488	663.5
21.505	671
21.522	654.4
21.539	649.9
21.556	729.6
21.573	736.2
21.59	675.7
21.607	687.1
21.624	687.4
21.641	678.4
21.658	701.1
21.675	701.4
21.692	692.3
21.709	697.4
21.726	701.8
21.743	682.6
21.76	677.3
21.777	696.5
21.794	672.4
21.811	662.1
21.828	664.1
21.845	665.6
21.862	672.5
21.879	635.9
21.896	682.6
21.913	691.4
21.93	680.2
21.947	669.1
21.964	684.9
21.981	671.9
21.998	730.5
22.015	674.6
22.032	667.6
22.049	647.7
22.066	690.5
22.083	683.6
22.1	691.8
22.117	657.8
22.134	672.2
22.151	689.5
22.168	666.9
22.185	696.8
22.202	679.1
22.219	696.6
22.236	706.4
22.253	693.8
22.27	657.2
22.287	647.9
22.304	694.1
22.321	692.6
22.338	653.9
22.355	653.1
22.372	655.6
22.389	681.8
22.406	677.8
22.423	675
22.44	693.4
22.457	728.9
22.474	694.4
22.491	667.5
22.508	661.1
22.525	680.4
22.542	701.5
22.559	678.9
22.576	693.9
22.593	706.2
22.61	677
22.627	677.1
22.644	679
22.661	679.8
22.678	693.3
22.695	698.3
22.712	703.1
22.729	705.4
22.746	724.7
22.763	685.1
22.78	641.2
22.797	694.1
22.814	709.4
22.831	666.8
22.848	663.8
22.865	662.1
22.882	693.5
22.899	656.9
22.916	700.8
22.933	668.2
22.95	701
22.967	668.6
22.984	664.4
23.001	701.1
23.018	686.8
23.035	698.1
23.052	669.6
23.069	694.5
23.086	672.5
23.103	697.1
23.12	713.9
23.137	695.6
23.154	676.1
23.171	711.6
23.188	751.4
23.205	708.9
23.222	707.5
23.239	697.8
23.256	680.4
23.273	719.2
23.29	721.4
23.307	712.5
23.324	720.1
23.341	703.7
23.358	682.8
23.375	680.8
23.392	693.8
23.409	704.9
23.426	672
23.443	688.8
23.46	700.5
23.477	691.1
23.494	677.8
23.511	691
23.528	690.9
23.545	689.2
23.562	675.9
23.579	674.5
23.596	682.9
23.613	679.7
23.63	660.3
23.647	681.9
23.664	694.2
23.681	666.3
23.698	687.6
23.715	697.9
23.732	697.1
23.749	695.2
23.766	637.5
23.783	694.7
23.8	707.2
23.817	725
23.834	694.8
23.851	719.9
23.868	671.3
23.885	692.9
23.902	706
23.919	691.2
23.936	710.1
23.953	697.1
23.97	712.2
23.987	685.2
24.004	705.2
24.021	722
24.038	690.4
24.055	697.1
24.072	712.3
24.089	685.5
24.106	693.9
24.123	709.5
24.14	716.2
24.157	687.5
24.174	694.8
24.191	690.9
24.208	689.9
24.225	687.9
24.242	671.2
24.259	689.2
24.276	678.1
24.293	695.2
24.31	698.3
24.327	704.8
24.344	730.6
24.361	693.6
24.378	703.9
24.395	701.9
24.412	702.1
24.429	735.8
24.446	729.3
24.463	687.1
24.48	704.2
24.497	706.6
24.514	684.9
24.531	701.6
24.548	727.6
24.565	718.8
24.582	669.2
24.599	706.6
24.616	729.8
24.633	694.7
24.65	707.1
24.667	722.4
24.684	696.8
24.701	709.6
24.718	720
24.735	721.2
24.752	737.8
24.769	701.9
24.786	687.5
24.803	727.7
24.82	737.5
24.837	713.4
24.854	703.5
24.871	711.4
24.888	717.6
24.905	725.2
24.922	681.1
24.939	698.8
24.956	709.4
24.973	684.4
24.99	706.2
25.007	695.2
25.024	731.3
25.041	735.6
25.058	729.2
25.075	715.2
25.092	703.1
25.109	718.3
25.126	677.1
25.143	710
25.16	694.4
25.177	702.4
25.194	723.5
25.211	715.4
25.228	704.3
25.245	693.3
25.262	697.2
25.279	685
25.296	686.1
25.313	705.3
25.33	725.4
25.347	715.6
25.364	725.6
25.381	734.3
25.398	723.7
25.415	734.2
25.432	721.6
25.449	717
25.466	733.1
25.483	733.8
25.5	714.1
25.517	701.8
25.534	730.6
25.551	738.3
25.568	710.5
25.585	702.5
25.602	710.3
25.619	714.7
25.636	709.9
25.653	708.3
25.67	712.1
25.687	698.1
25.704	715.1
25.721	719.5
25.738	755.5
25.755	702.6
25.772	761.3
25.789	760.2
25.806	671.1
25.823	735.8
25.84	718.4
25.857	738.4
25.874	714.9
25.891	743.5
25.908	721.5
25.925	761.8
25.942	772.1
25.959	724.6
25.976	717.9
25.993	716.7
26.01	727.1
26.027	712
26.044	713.2
26.061	732.8
26.078	743.4
26.095	719.7
26.112	761.2
26.129	733.3
26.146	737.8
26.163	735.1
26.18	735.5
26.197	726.1
26.214	712.1
26.231	713.2
26.248	703.5
26.265	741.9
26.282	724.4
26.299	713.4
26.316	703.6
26.333	714.5
26.35	721.8
26.367	719.6
26.384	745.8
26.401	741.9
26.418	724.7
26.435	720.2
26.452	723.6
26.469	718
26.486	718.9
26.503	733.3
26.52	722.6
26.537	733.7
26.554	743.5
26.571	719.2
26.588	706.6
26.605	701.6
26.622	727.1
26.639	712.8
26.656	710.8
26.673	739.5
26.69	733.7
26.707	761.2
26.724	763.1
26.741	731.2
26.758	703.5
26.775	712.4
26.792	735.9
26.809	765.6
26.826	744.4
26.843	749.9
26.86	748.1
26.877	747.4
26.894	722.4
26.911	727.8
26.928	723.5
26.945	716.8
26.962	727.6
26.979	706.5
26.996	716.9
27.013	760.6
27.03	724.5
27.047	763.1
27.064	733.4
27.081	740.8
27.098	769.1
27.115	769.9
27.132	750.4
27.149	726.8
27.166	754.9
27.183	737.7
27.2	733.2
27.217	736.5
27.234	745.5
27.251	753.5
27.268	761.9
27.285	760.5
27.302	766.2
27.319	736.7
27.336	736.1
27.353	801.6
27.37	793.9
27.387	776.8
27.404	770.2
27.421	725.6
27.438	734.9
27.455	734
27.472	750.1
27.489	750.3
27.506	724.4
27.523	746.7
27.54	756.6
27.557	732.7
27.574	712.9
27.591	726.9
27.608	728.6
27.625	769.7
27.642	764.6
27.659	760
27.676	773.7
27.693	737.2
27.71	738
27.727	710.2
27.744	777.1
27.761	776.9
27.778	742
27.795	728.9
27.812	774.2
27.829	746.1
27.846	762.4
27.863	753.2
27.88	757.1
27.897	757.2
27.914	745.6
27.931	768.9
27.948	735.6
27.965	746.5
27.982	768.8
27.999	750.6
28.016	759.2
28.033	747.4
28.05	752.9
28.067	751.6
28.084	746.8
28.101	758.1
28.118	744.9
28.135	758.2
28.152	732.1
28.169	765.5
28.186	772.4
28.203	746.5
28.22	755.3
28.237	758.5
28.254	734.2
28.271	738.8
28.288	766.1
28.305	753.9
28.322	783.9
28.339	782.1
28.356	767.7
28.373	762.2
28.39	749.6
28.407	758.1
28.424	744.1
28.441	763.1
28.458	778.4
28.475	752.6
28.492	747.9
28.509	761.2
28.526	749.1
28.543	766.8
28.56	763.5
28.577	756.8
28.594	767.5
28.611	728.2
28.628	748.4
28.645	772.8
28.662	800.6
28.679	792.5
28.696	766.5
28.713	730.1
28.73	780.2
28.747	796.8
28.764	761.1
28.781	763.2
28.798	781.1
28.815	766.9
28.832	780.9
28.849	763.1
28.866	747.1
28.883	730.2
28.9	687.4
28.917	729.5
28.934	783.5
28.951	760.2
28.968	762.1
28.985	748.6
29.002	758.5
29.019	767.5
29.036	775.4
29.053	767.7
29.07	793.6
29.087	772.2
29.104	776.6
29.121	786.4
29.138	793.1
29.155	809.9
29.172	791.3
29.189	779.4
29.206	768.5
29.223	761.6
29.24	773.1
29.257	791.5
29.274	815.5
29.291	806.3
29.308	778.7
29.325	774.5
29.342	784.6
29.359	810.1
29.376	792.4
29.393	751.1
29.41	770.4
29.427	793.2
29.444	798.1
29.461	813.8
29.478	777.8
29.495	774.5
29.512	782.4
29.529	771.6
29.546	764.9
29.563	748.4
29.58	754
29.597	753.3
29.614	744.7
29.631	788.8
29.648	798.1
29.665	750.6
29.682	746.3
29.699	766.4
29.716	757.8
29.733	769.9
29.75	752.5
29.767	760.2
29.784	764.8
29.801	794.9
29.818	804.4
29.835	730.2
29.852	735.1
29.869	754.6
29.886	794.5
29.903	756.7
29.92	797.9
29.937	767.2
29.954	802.6
29.971	810.1
29.988	764
30.005	779.5
30.022	770.5
30.039	746.9
30.056	762.2
30.073	764.8
30.09	760.8
30.107	758.6
30.124	770.5
30.141	794.5
30.158	784.9
30.175	767.2
30.192	754.8
30.209	769.8
30.226	798.2
30.243	785.2
30.26	774.1
30.277	790.6
30.294	783.1
30.311	770
30.328	785.4
30.345	774.3
30.362	763.9
30.379	777.5
30.396	767.3
30.413	740.8
30.43	756
30.447	786.2
30.464	758.4
30.481	781.1
30.498	800
30.515	815.1
30.532	799.6
30.549	778.2
30.566	780.7
30.583	775.6
30.6	771.6
30.617	796.4
30.634	787.9
30.651	802.7
30.668	812.5
30.685	792.2
30.702	853.9
30.719	772.8
30.736	769.6
30.753	777.7
30.77	759.6
30.787	800.4
30.804	774.5
30.821	783.6
30.838	808.2
30.855	777.4
30.872	754
30.889	799.2
30.906	756.8
30.923	786.4
30.94	811
30.957	838.1
30.974	760.3
30.991	765.4
31.008	769.4
31.025	745.5
31.042	786.6
31.059	798.7
31.076	838.8
31.093	783.8
31.11	735.1
31.127	769.8
31.144	799.4
31.161	804.6
31.178	782.5
31.195	790.8
31.212	802.6
31.229	795.9
31.246	793.4
31.263	782.3
31.28	771.4
31.297	778.2
31.314	782.1
31.331	802.4
31.348	838.2
31.365	793.2
31.382	780.3
31.399	784.3
31.416	772.4
31.433	762.1
31.45	762.6
31.467	757.9
31.484	772.6
31.501	765.6
31.518	760.3
31.535	781.9
31.552	796.2
31.569	800.1
31.586	815.5
31.603	789.5
31.62	764.2
31.637	752.2
31.654	775.3
31.671	826.1
31.688	794.8
31.705	774.1
31.722	760
31.739	777.4
31.756	799.4
31.773	805.1
31.79	792
31.807	806.2
31.824	775.9
31.841	761.8
31.858	807.6
31.875	816.2
31.892	786.3
31.909	776.6
31.926	801.8
31.943	796.6
31.96	775.4
31.977	782.1
31.994	781.5
32.011	756.9
32.028	758
32.045	805.5
32.062	795.2
32.079	751.2
32.096	757.4
32.113	811.6
32.13	820.4
32.147	809.9
32.164	791.5
32.181	768
32.198	769.9
32.215	801.6
32.232	811.3
32.249	799.4
32.266	788
32.283	771.5
32.3	765.4
32.317	789.7
32.334	814.9
32.351	781.9
32.368	795.8
32.385	790.8
32.402	757.2
32.419	794.3
32.436	814
32.453	797.6
32.47	793.4
32.487	814.9
32.504	796.2
32.521	786
32.538	817.6
32.555	810.9
32.572	791.4
32.589	768.2
32.606	802
32.623	773.2
32.64	822.2
32.657	778
32.674	779.9
32.691	811.1
32.708	813.2
32.725	830.2
32.742	801.3
32.759	805.2
32.776	793.4
32.793	801
32.81	832.3
32.827	819.8
32.844	799.9
32.861	785.7
32.878	843
32.895	810.5
32.912	803.5
32.929	812.5
32.946	820.1
32.963	803.5
32.98	779.1
32.997	781.8
33.014	795.8
33.031	822.7
33.048	786.7
33.065	800.4
33.082	837.9
33.099	819.4
33.116	809.4
33.133	800.5
33.15	825.3
33.167	829.7
33.184	824.6
33.201	818.9
33.218	817.7
33.235	813.1
33.252	813.3
33.269	802.1
33.286	804.3
33.303	809.1
33.32	811.3
33.337	815.6
33.354	810.6
33.371	820
33.388	820.7
33.405	830.4
33.422	803.2
33.439	791.1
33.456	807.2
33.473	794.1
33.49	795.9
33.507	796.1
33.524	814.6
33.541	839.6
33.558	833.1
33.575	833.7
33.592	812.7
33.609	806.3
33.626	778.5
33.643	773.4
33.66	827.4
33.677	817.7
33.694	813.3
33.711	816.4
33.728	792.1
33.745	823.7
33.762	802.1
33.779	787.8
33.796	801.3
33.813	823.8
33.83	851.4
33.847	838.7
33.864	801.2
33.881	789.8
33.898	819
33.915	819.5
33.932	827.5
33.949	818.5
33.966	809.2
33.983	796.8
34	793.1
34.017	793
34.034	779.4
34.051	817
34.068	800.6
34.085	795.8
34.102	810.2
34.119	844.3
34.136	818.4
34.153	840.7
34.17	833.6
34.187	797.9
34.204	843.9
34.221	824.5
34.238	785.6
34.255	796.1
34.272	811.4
34.289	786.4
34.306	793.2
34.323	796.1
34.34	796.4
34.357	786.2
34.374	775.3
34.391	797.8
34.408	826.3
34.425	830.4
34.442	820.1
34.459	819.1
34.476	789.6
34.493	800.2
34.51	824.1
34.527	887
34.544	837.7
34.561	816.1
34.578	802.4
34.595	806.8
34.612	786.2
34.629	775.1
34.646	794.6
34.663	819.8
34.68	799.7
34.697	780.8
34.714	808.3
34.731	796.6
34.748	792.8
34.765	826.2
34.782	889.5
34.799	831.6
34.816	809.8
34.833	821.6
34.85	797.5
34.867	776.8
34.884	820.6
34.901	813.4
34.918	805.4
34.935	826.3
34.952	798.8
34.969	795.4
34.986	801.3
35.003	790.7
35.02	802.6
35.037	813.8
35.054	827.1
35.071	827.9
35.088	811.5
35.105	835.5
35.122	841.1
35.139	810.9
35.156	810.1
35.173	812.9
35.19	826.6
35.207	821.2
35.224	825.4
35.241	831.1
35.258	831.6
35.275	810.3
35.292	814.9
35.309	813.5
35.326	805.7
35.343	803.2
35.36	840.3
35.377	860.4
35.394	851.6
35.411	859.4
35.428	833.5
35.445	826.5
35.462	835.8
35.479	848.9
35.496	846.5
35.513	836.9
35.53	820.6
35.547	832.8
35.564	856.8
35.581	791.2
35.598	811.1
35.615	829.1
35.632	846.9
35.649	861.5
35.666	866.2
35.683	821.9
35.7	821.4
35.717	842.1
35.734	828.2
35.751	845.5
35.768	823.3
35.785	857.1
35.802	811.1
35.819	815.3
35.836	865.2
35.853	820.4
35.87	826.3
35.887	817.1
35.904	848.2
35.921	818.4
35.938	792.9
35.955	808.7
35.972	835.7
35.989	832
36.006	847
36.023	830.9
36.04	829.6
36.057	823.5
36.074	831.5
36.091	822.9
36.108	820.9
36.125	819.4
36.142	808.9
36.159	808.6
36.176	833.9
36.193	831.4
36.21	822.6
36.227	831.9
36.244	831.5
36.261	839.5
36.278	830.6
36.295	824.5
36.312	831.4
36.329	822.6
36.346	832.2
36.363	817.9
36.38	800.9
36.397	816.1
36.414	835.4
36.431	856.7
36.448	850.8
36.465	830.5
36.482	807.6
36.499	820.6
36.516	861.1
36.533	846.8
36.55	859.1
36.567	859.9
36.584	858.8
36.601	854
36.618	824.7
36.635	867.4
36.652	856.3
36.669	843.6
36.686	820.2
36.703	809.4
36.72	832.9
36.737	849.4
36.754	868.5
36.771	826.8
36.788	809.4
36.805	844.4
36.822	801.9
36.839	804.6
36.856	862.3
36.873	867.1
36.89	866
36.907	834.6
36.924	843
36.941	827.9
36.958	841.1
36.975	826.9
36.992	841.8
37.009	839.1
37.026	842.1
37.043	874.8
37.06	855.4
37.077	861.8
37.094	873.2
37.111	860.1
37.128	843.5
37.145	821
37.162	836.1
37.179	821.9
37.196	822.9
37.213	852.3
37.23	823.5
37.247	801.2
37.264	819.9
37.281	819.4
37.298	842.7
37.315	868.9
37.332	849.8
37.349	831.6
37.366	841.3
37.383	846
37.4	846.1
37.417	846.9
37.434	846.1
37.451	846.9
37.468	844.9
37.485	843.1
37.502	829.4
37.519	835.3
37.536	841.3
37.553	862.6
37.57	869.8
37.587	818.8
37.604	833.9
37.621	863.1
37.638	832.2
37.655	820.2
37.672	839.6
37.689	832.9
37.706	817.4
37.723	853.2
37.74	828.3
37.757	879.9
37.774	859.8
37.791	823.9
37.808	822.9
37.825	838.4
37.842	842.4
37.859	816.4
37.876	822.6
37.893	817.6
37.91	829
37.927	861.4
37.944	867.4
37.961	856.9
37.978	854.2
37.995	841.6
38.012	850
38.029	819.2
38.046	837.9
38.063	838
38.08	853.7
38.097	847.8
38.114	829.1
38.131	846.2
38.148	833.2
38.165	837.5
38.182	845.9
38.199	860.6
38.216	854.2
38.233	842.8
38.25	858.1
38.267	891.3
38.284	877.2
38.301	833.5
38.318	855.8
38.335	836.6
38.352	830.9
38.369	847.5
38.386	871.9
38.403	868.7
38.42	846.6
38.437	823.8
38.454	820.8
38.471	834.9
38.488	865
38.505	848.9
38.522	849.8
38.539	878.2
38.556	882.9
38.573	894.8
38.59	843.4
38.607	834.2
38.624	839.7
38.641	868.7
38.658	894.9
38.675	881.5
38.692	946.6
38.709	828.8
38.726	826.3
38.743	845.4
38.76	820.2
38.777	840.9
38.794	854
38.811	841.2
38.828	890.9
38.845	856.3
38.862	831.4
38.879	869.6
38.896	863.6
38.913	873.5
38.93	862.7
38.947	828.4
38.964	864.1
38.981	833.3
38.998	838
39.015	837.4
39.032	828.4
39.049	836
39.066	853.2
39.083	872.4
39.1	875.9
39.117	841.9
39.134	825.6
39.151	834.2
39.168	823.2
39.185	842.7
39.202	854.4
39.219	862.2
39.236	880.4
39.253	871.1
39.27	873.5
39.287	880.7
39.304	860.8
39.321	873.4
39.338	861.4
39.355	836.1
39.372	838.8
39.389	852
39.406	851.6
39.423	845.5
39.44	853.9
39.457	866.2
39.474	837.4
39.491	845.8
39.508	888.6
39.525	865.3
39.542	839.2
39.559	857.3
39.576	832
39.593	862.2
39.61	835
39.627	851
39.644	853.2
39.661	885.4
39.678	845.8
39.695	876.6
39.712	914.4
39.729	856
39.746	856.1
39.763	856.3
39.78	833.2
39.797	896.7
39.814	844.2
39.831	848.3
39.848	870
39.865	887.6
39.882	911.4
39.899	866.6
39.916	831.6
39.933	889.5
39.95	879.5
39.967	857.4
39.984	879.4
40.001	885.8
40.018	880.6
40.035	842.8
40.052	841.7
40.069	868.6
40.086	863.3
40.103	866.9
40.12	851.1
40.137	869.6
40.154	877.2
40.171	848.6
40.188	842.9
40.205	842.3
40.222	847.1
40.239	850.9
40.256	881.6
40.273	890.8
40.29	870.8
40.307	867.6
40.324	861.4
40.341	869.2
40.358	888.3
40.375	890.7
40.392	855.5
40.409	880.2
40.426	898.9
40.443	880.8
40.46	877.7
40.477	888.6
40.494	881.2
40.511	851.8
40.528	847.5
40.545	824.6
40.562	850.3
40.579	858.1
40.596	906.2
40.613	876.6
40.63	870.9
40.647	886
40.664	886.9
40.681	896.6
40.698	830.1
40.715	894.2
40.732	863.6
40.749	842.5
40.766	867.6
40.783	893.5
40.8	886.2
40.817	889.2
40.834	876.6
40.851	873
40.868	902.2
40.885	856.6
40.902	850.9
40.919	863.1
40.936	836.4
40.953	908.4
40.97	944.3
40.987	916.2
41.004	902.7
41.021	896.7
41.038	875.1
41.055	861.6
41.072	872.4
41.089	893.8
41.106	890.3
41.123	879.4
41.14	886.8
41.157	897.8
41.174	877.4
41.191	866
41.208	849.8
41.225	846.8
41.242	859.4
41.259	864.6
41.276	861.1
41.293	893.9
41.31	889.9
41.327	855.9
41.344	856.1
41.361	875.9
41.378	904.7
41.395	885.1
41.412	902.1
41.429	887.8
41.446	883.6
41.463	877.2
41.48	880.8
41.497	875.6
41.514	853.7
41.531	848.8
41.548	846.2
41.565	869.6
41.582	925.8
41.599	902.3
41.616	845.6
41.633	888.3
41.65	907
41.667	875.2
41.684	879.7
41.701	903.4
41.718	852.4
41.735	951.7
41.752	896.8
41.769	863
41.786	893.1
41.803	865.2
41.82	916.2
41.837	919.8
41.854	931.6
41.871	911.9
41.888	939.4
41.905	898
41.922	897.9
41.939	896.6
41.956	905.6
41.973	883.6
41.99	896.1
42.007	931.2
42.024	947.7
42.041	909.6
42.058	888.9
42.075	920.1
42.092	936.1
42.109	919.9
42.126	902.5
42.143	893.8
42.16	890.8
42.177	887.8
42.194	886.1
42.211	903.2
42.228	908.7
42.245	935.7
42.262	930.8
42.279	926.6
42.296	903
42.313	886.8
42.33	885.2
42.347	919.6
42.364	913.5
42.381	919
42.398	872.6
42.415	900.7
42.432	928.4
42.449	933.3
42.466	906.5
42.483	915.6
42.5	923.9
42.517	909.5
42.534	949.6
42.551	956.7
42.568	918.5
42.585	896.2
42.602	914.9
42.619	914.5
42.636	934.8
42.653	886
42.67	917.2
42.687	904.9
42.704	902.2
42.721	894.9
42.738	970.5
42.755	930.6
42.772	926.1
42.789	942.8
42.806	937
42.823	906.3
42.84	929.2
42.857	961.2
42.874	915.4
42.891	908
42.908	941.5
42.925	965.1
42.942	956.1
42.959	1050.9
42.976	1006.1
42.993	1089.9
43.01	1138.5
43.027	1166
43.044	1213.6
43.061	1207.8
43.078	1224.7
43.095	1285.9
43.112	1322.6
43.129	1439.4
43.146	1624.2
43.163	1965.2
43.18	2555.1
43.197	3616.1
43.214	5690.1
43.231	9703.1
43.248	14361.8
43.265	16033.6
43.282	13436.4
43.299	9674.4
43.316	6605.3
43.333	4431.5
43.35	3071.9
43.367	2393.6
43.384	1770.8
43.401	1376.6
43.418	1275.7
43.435	1291.8
43.452	1113.2
43.469	1110.9
43.486	1030.1
43.503	1051.2
43.52	1115
43.537	1047.8
43.554	997.9
43.571	1025.9
43.588	979.6
43.605	1018.1
43.622	972.8
43.639	1004.1
43.656	1033.4
43.673	959
43.69	960.6
43.707	989.9
43.724	1032.3
43.741	956.8
43.758	953
43.775	951.4
43.792	928.3
43.809	962.3
43.826	919.5
43.843	927.9
43.86	941.8
43.877	938.8
43.894	932.7
43.911	898.2
43.928	934.6
43.945	943.6
43.962	938
43.979	937.9
43.996	937.6
44.013	947.7
44.03	959.6
44.047	968.2
44.064	953.5
44.081	929.4
44.098	919.2
44.115	923.9
44.132	939.5
44.149	946.7
44.166	941
44.183	925.2
44.2	929.2
44.217	931.1
44.234	916.6
44.251	925.5
44.268	903.5
44.285	926.6
44.302	920.6
44.319	932.4
44.336	952.1
44.353	921.4
44.37	912.7
44.387	923.9
44.404	923.5
44.421	929.9
44.438	897.2
44.455	919.6
44.472	957.9
44.489	910.1
44.506	928.9
44.523	944.5
44.54	966.5
44.557	941.3
44.574	913.4
44.591	901.6
44.608	866.9
44.625	929.6
44.642	929.3
44.659	1007.7
44.676	908.4
44.693	928.5
44.71	905.6
44.727	930.6
44.744	925.8
44.761	953.7
44.778	933.2
44.795	934.4
44.812	910.1
44.829	942.9
44.846	924.9
44.863	924.1
44.88	942.1
44.897	958.7
44.914	938
44.931	937.9
44.948	934.1
44.965	903.1
44.982	904.6
44.999	915.3
45.016	936
45.033	933.5
45.05	895.6
45.067	922.9
45.084	952.5
45.101	944.4
45.118	935.4
45.135	940.9
45.152	941.2
45.169	960.8
45.186	955.6
45.203	934.4
45.22	958.5
45.237	981.6
45.254	960.2
45.271	963.8
45.288	975.2
45.305	959.5
45.322	920.8
45.339	933.2
45.356	936.2
45.373	938.5
45.39	931.1
45.407	933.2
45.424	938.2
45.441	956.4
45.458	927.5
45.475	889.4
45.492	927.6
45.509	937.1
45.526	937.8
45.543	935.5
45.56	942.1
45.577	913.7
45.594	938.1
45.611	891.1
45.628	893.4
45.645	916.9
45.662	931
45.679	931.9
45.696	945.7
45.713	922.7
45.73	885.9
45.747	888.1
45.764	951.6
45.781	929.4
45.798	920
45.815	937.4
45.832	958.8
45.849	954.8
45.866	934.7
45.883	932.3
45.9	965.9
45.917	916.1
45.934	917.5
45.951	923.8
45.968	904.7
45.985	917.9
46.002	950.2
46.019	983.5
46.036	941.8
46.053	924.2
46.07	943.1
46.087	927.9
46.104	926.5
46.121	918.4
46.138	924.1
46.155	910.1
46.172	927.8
46.189	925.3
46.206	945.5
46.223	938.8
46.24	950.8
46.257	947.8
46.274	958.9
46.291	938.9
46.308	907.6
46.325	934.5
46.342	941.2
46.359	913.9
46.376	928.8
46.393	925.2
46.41	927.8
46.427	924.5
46.444	929.6
46.461	878.8
46.478	924.9
46.495	953.3
46.512	924.7
46.529	906.2
46.546	939.9
46.563	907.6
46.58	919.2
46.597	938.2
46.614	927.8
46.631	953.6
46.648	903.9
46.665	963.7
46.682	926.1
46.699	914.7
46.716	957.6
46.733	949.1
46.75	920.4
46.767	939.2
46.784	896.6
46.801	938.6
46.818	947.8
46.835	945.2
46.852	963.8
46.869	943.1
46.886	925.8
46.903	894.2
46.92	959.4
46.937	933.2
46.954	935.6
46.971	929.6
46.988	922.8
47.005	919
47.022	904.4
47.039	927.5
47.056	934.8
47.073	930.6
47.09	924.6
47.107	919.2
47.124	939.4
47.141	959.8
47.158	939.2
47.175	910.8
47.192	910.2
47.209	946.3
47.226	966.8
47.243	960.9
47.26	926.6
47.277	921.4
47.294	944.2
47.311	945.9
47.328	928.9
47.345	927.4
47.362	936.4
47.379	986.7
47.396	917.3
47.413	908.2
47.43	945.4
47.447	967.5
47.464	970.9
47.481	908
47.498	954
47.515	924
47.532	955.6
47.549	946.5
47.566	895.1
47.583	959.1
47.6	926
47.617	896.2
47.634	932.8
47.651	945.2
47.668	948.5
47.685	954.8
47.702	934.3
47.719	924
47.736	940.2
47.753	944.2
47.77	945.6
47.787	923
47.804	924.2
47.821	941.9
47.838	908.5
47.855	917.6
47.872	926.5
47.889	918.8
47.906	929.9
47.923	897.4
47.94	923.1
47.957	971.9
47.974	951.1
47.991	904.4
48.008	895.6
48.025	906.5
48.042	915.3
48.059	936.8
48.076	949.6
48.093	943.2
48.11	946.2
48.127	949.8
48.144	962.9
48.161	959.8
48.178	942.2
48.195	960.8
48.212	955.9
48.229	938.2
48.246	942.9
48.263	955.2
48.28	925.8
48.297	924.6
48.314	963.4
48.331	921.3
48.348	925.7
48.365	920.8
48.382	917.8
48.399	929.9
48.416	915.6
48.433	955.6
48.45	933.2
48.467	923.1
48.484	954.7
48.501	932.4
48.518	911.1
48.535	975.5
48.552	955
48.569	1015.5
48.586	959.5
48.603	970.1
48.62	1002.7
48.637	995.9
48.654	962.2
48.671	968.8
48.688	1011.2
48.705	983.9
48.722	997.6
48.739	973.8
48.756	954.5
48.773	962.3
48.79	967.2
48.807	970.6
48.824	966.3
48.841	988.2
48.858	1007.8
48.875	1004.2
48.892	1008.6
48.909	1031.8
48.926	980.7
48.943	993
48.96	1007.8
48.977	989.2
48.994	993.8
49.011	1007.6
49.028	1018.1
49.045	1033.9
49.062	1015.9
49.079	998.5
49.096	1007.6
49.113	1017.1
49.13	1001.9
49.147	986.2
49.164	1022.1
49.181	1039.1
49.198	1038.3
49.215	1010.5
49.232	1001.2
49.249	988.8
49.266	1001.5
49.283	1006.5
49.3	966.4
49.317	972.9
49.334	987.2
49.351	972.8
49.368	942.1
49.385	1006.2
49.402	993.8
49.419	1006.2
49.436	995.1
49.453	1032.2
49.47	1080.6
49.487	1023.7
49.504	989.6
49.521	1030.2
49.538	1000.2
49.555	987.9
49.572	986.7
49.589	981.9
49.606	984.1
49.623	1049.4
49.64	1036.8
49.657	1003.1
49.674	1019.6
49.691	1014.8
49.708	1026.5
49.725	1019.3
49.742	1023.4
49.759	1013.7
49.776	1010.9
49.793	1040.4
49.81	1030.7
49.827	1040.4
49.844	1015.2
49.861	1019.9
49.878	1051.1
49.895	1068.6
49.912	1062.4
49.929	1069.2
49.946	1072.1
49.963	1073.6
49.98	1068.8
49.997	1083
50.014	1101.5
50.031	1143.4
50.048	1184.2
50.065	1243.1
50.082	1364.8
50.099	1496.1
50.116	1612.8
50.133	1680
50.15	1779.8
50.167	1843.6
50.184	1886.5
50.201	1898.4
50.218	1959.4
50.235	2103.6
50.252	2573.2
50.269	3349.9
50.286	4581.7
50.303	6879.6
50.32	11109.2
50.337	18385.8
50.354	30217.3
50.371	40972.8
50.388	41897.8
50.405	31782.9
50.422	20805.1
50.439	12822.5
50.456	7800.5
50.473	5038.4
50.49	3429.1
50.507	2912.6
50.524	2791.9
50.541	2456.9
50.558	1960.6
50.575	1712.4
50.592	1681.9
50.609	1601.3
50.626	1594.9
50.643	1402.2
50.66	1144.2
50.677	1054.8
50.694	1104.6
50.711	1184.2
50.728	1028.4
50.745	1035.4
50.762	1044.3
50.779	1086.6
50.796	1177.8
50.813	1184.8
50.83	1100.3
50.847	1088
50.864	1071.3
50.881	1059.9
50.898	1060.3
50.915	1079.4
50.932	1054.8
50.949	1068.7
50.966	1078.5
50.983	1053.8
51	1049.5
51.017	1024.6
51.034	1004.1
51.051	1023.3
51.068	1044.2
51.085	1047.4
51.102	1035
51.119	1004.6
51.136	1030.6
51.153	1039.8
51.17	1021.4
51.187	1042.4
51.204	1015.1
51.221	1002.1
51.238	1018.2
51.255	990.2
51.272	994.4
51.289	999
51.306	969
51.323	1000.5
51.34	994.6
51.357	1034.2
51.374	991.4
51.391	1030.2
51.408	1033.6
51.425	1024.3
51.442	983.7
51.459	1023.9
51.476	975.7
51.493	1005.6
51.51	1044.4
51.527	1000.2
51.544	972.3
51.561	977.7
51.578	987.5
51.595	963.2
51.612	968.4
51.629	989.5
51.646	963.2
51.663	934.9
51.68	952.3
51.697	990.5
51.714	1014.3
51.731	1017.4
51.748	992.6
51.765	1016.5
51.782	992.9
51.799	1005.3
51.816	963.1
51.833	980.4
51.85	970.8
51.867	967.3
51.884	957.5
51.901	984.3
51.918	1020.5
51.935	1011.5
51.952	988.2
51.969	991.3
51.986	996.2
52.003	999.7
52.02	994.3
52.037	983.5
52.054	991.8
52.071	1005.8
52.088	1015.8
52.105	979.7
52.122	960.4
52.139	983.5
52.156	1007.4
52.173	995.6
52.19	973
52.207	974.1
52.224	993
52.241	1009.2
52.258	1011.7
52.275	989.2
52.292	960
52.309	962.2
52.326	996
52.343	979.2
52.36	964.9
52.377	932.8
52.394	948.9
52.411	995.4
52.428	985.1
52.445	969.1
52.462	957.2
52.479	992.9
52.496	990.1
52.513	973.5
52.53	935.6
52.547	962.1
52.564	964.2
52.581	982.1
52.598	968.4
52.615	990.4
52.632	993
52.649	948.8
52.666	1008.7
52.683	1001.7
52.7	966.2
52.717	984.5
52.734	979.1
52.751	1012.1
52.768	997.4
52.785	987.3
52.802	990.4
52.819	966.3
52.836	986
52.853	968.2
52.87	940.2
52.887	960.2
52.904	962.5
52.921	955.4
52.938	962.8
52.955	974.8
52.972	973.8
52.989	1001.7
53.006	994.9
53.023	962.2
53.04	965.5
53.057	957.8
53.074	971.2
53.091	990
53.108	972.5
53.125	947.4
53.142	922.9
53.159	955.2
53.176	972.1
53.193	939.8
53.21	906.5
53.227	933.1
53.244	965.6
53.261	962.4
53.278	1000.5
53.295	989.9
53.312	941.9
53.329	957.8
53.346	970.8
53.363	978.5
53.38	910.4
53.397	964.8
53.414	977.1
53.431	976.8
53.448	956.8
53.465	955.2
53.482	989.6
53.499	983
53.516	967.6
53.533	975.5
53.55	936.5
53.567	961.5
53.584	968.7
53.601	946.8
53.618	930.2
53.635	966.1
53.652	982
53.669	952.2
53.686	987.6
53.703	996.3
53.72	967.9
53.737	952
53.754	969.3
53.771	989.9
53.788	986.3
53.805	958.3
53.822	947.4
53.839	953.6
53.856	949.4
53.873	989.6
53.89	1012.6
53.907	972.9
53.924	955.8
53.941	969.4
53.958	989.1
53.975	957.2
53.992	947.5
54.009	1003
54.026	1002.2
54.043	989.1
54.06	974.4
54.077	978.2
54.094	950.4
54.111	957.2
54.128	976.1
54.145	959.2
54.162	931.8
54.179	961.6
54.196	972
54.213	971.8
54.23	970.9
54.247	999.3
54.264	958.8
54.281	1001.5
54.298	977.1
54.315	962.2
54.332	966.2
54.349	983.9
54.366	964.4
54.383	940.8
54.4	968.9
54.417	965.4
54.434	937.6
54.451	901.2
54.468	924.6
54.485	983.2
54.502	1000
54.519	967.3
54.536	953.4
54.553	916.8
54.57	991.2
54.587	963.5
54.604	972.8
54.621	983.2
54.638	939.3
54.655	960.3
54.672	967.7
54.689	1009.2
54.706	978.1
54.723	948.1
54.74	967.3
54.757	988
54.774	988.2
54.791	992.6
54.808	1002.3
54.825	989.6
54.842	966.6
54.859	960.5
54.876	953.8
54.893	967.5
54.91	975.6
54.927	985.9
54.944	984.1
54.961	971.1
54.978	986.9
54.995	968.1
55.012	955.2
55.029	973.3
55.046	963.7
55.063	990.2
55.08	975.7
55.097	940.7
55.114	968.5
55.131	976.4
55.148	979.4
55.165	924.2
55.182	959.6
55.199	951.9
55.216	937.8
55.233	980.9
55.25	964.8
55.267	976.2
55.284	965.2
55.301	999.5
55.318	989.6
55.335	950.9
55.352	949.6
55.369	942.1
55.386	926.5
55.403	921.2
55.42	971.1
55.437	942.8
55.454	986.8
55.471	980.2
55.488	937.6
55.505	978.4
55.522	952.9
55.539	968.6
55.556	977
55.573	945.4
55.59	951.5
55.607	944.9
55.624	976.4
55.641	981.7
55.658	962.4
55.675	983.9
55.692	966.4
55.709	976.1
55.726	1023.9
55.743	988.8
55.76	955.1
55.777	973.6
55.794	980.8
55.811	944.6
55.828	924.7
55.845	967.9
55.862	965.5
55.879	941.7
55.896	953.5
55.913	961.9
55.93	960.6
55.947	954.1
55.964	953.8
55.981	935.9
55.998	951.3
56.015	955.9
56.032	955.3
56.049	977.8
56.066	1005.1
56.083	989.8
56.1	971
56.117	986.2
56.134	973.1
56.151	976.4
56.168	1013.9
56.185	993.6
56.202	939.8
56.219	937.6
56.236	947.5
56.253	954.7
56.27	950.4
56.287	958.5
56.304	983
56.321	995.2
56.338	937
56.355	983.2
56.372	955.6
56.389	983
56.406	1014.8
56.423	1006.9
56.44	945.8
56.457	1001.8
56.474	922.3
56.491	993.4
56.508	1028.1
56.525	966.2
56.542	970.8
56.559	981.4
56.576	956.5
56.593	965.2
56.61	968.1
56.627	956.5
56.644	995.1
56.661	963.8
56.678	944.4
56.695	934.3
56.712	940.1
56.729	958.1
56.746	960.8
56.763	974
56.78	972.9
56.797	955.6
56.814	949.9
56.831	949.4
56.848	971.9
56.865	985.2
56.882	971.5
56.899	947.4
56.916	954.1
56.933	958
56.95	988.9
56.967	970.5
56.984	964.1
57.001	996.4
57.018	968.8
57.035	949.6
57.052	959.9
57.069	973.6
57.086	968.4
57.103	974.8
57.12	989.6
57.137	1014.4
57.154	988.5
57.171	980.4
57.188	969.5
57.205	962.6
57.222	985.1
57.239	938.4
57.256	929.2
57.273	933.3
57.29	951.4
57.307	914.1
57.324	977.9
57.341	946.6
57.358	970.4
57.375	946.5
57.392	971
57.409	970.6
57.426	964.9
57.443	978.4
57.46	951.4
57.477	942.6
57.494	969.1
57.511	986.1
57.528	972.5
57.545	980.7
57.562	988.5
57.579	934
57.596	949.4
57.613	941.2
57.63	960.9
57.647	960.2
57.664	980.5
57.681	990
57.698	1005.1
57.715	986.8
57.732	936.8
57.749	949
57.766	949.2
57.783	953.2
57.8	972.2
57.817	974
57.834	957.6
57.851	953
57.868	969.2
57.885	971.2
57.902	960.6
57.919	1003.5
57.936	1009.1
57.953	978.9
57.97	977.4
57.987	968.6
58.004	978.8
58.021	989.8
58.038	971.2
58.055	989.3
58.072	962.1
58.089	963.8
58.106	976.9
58.123	990.9
58.14	987.1
58.157	942.1
58.174	960.4
58.191	968.4
58.208	1004.4
58.225	979.9
58.242	991.9
58.259	957.6
58.276	952.9
58.293	983.7
58.31	991.7
58.327	940.2
58.344	958.9
58.361	942.7
58.378	955.7
58.395	980.3
58.412	940.5
58.429	995.1
58.446	963.9
58.463	948.6
58.48	974.9
58.497	991.2
58.514	1009.4
58.531	997.4
58.548	969.8
58.565	951.9
58.582	966
58.599	966.9
58.616	978.6
58.633	942.2
58.65	960.8
58.667	956.8
58.684	956.8
58.701	999
58.718	966.1
58.735	952.5
58.752	974.5
58.769	934.7
58.786	945.9
58.803	946.6
58.82	972.9
58.837	985.5
58.854	963.2
58.871	981.7
58.888	975.6
58.905	952.9
58.922	952.9
58.939	984.2
58.956	987.4
58.973	976.4
58.99	951.5
59.007	962
59.024	993.6
59.041	986.1
59.058	954.6
59.075	946.6
59.092	926.5
59.109	951.4
59.126	977.9
59.143	1041.9
59.16	1063.4
59.177	926.1
59.194	943.9
59.211	942.6
59.228	936.9
59.245	952.6
59.262	964.5
59.279	1000.2
59.296	940.1
59.313	954.9
59.33	922.6
59.347	955.6
59.364	1055.5
59.381	955.1
59.398	1002.5
59.415	960.3
59.432	934.1
59.449	953.4
59.466	975.7
59.483	986.1
59.5	973.8
59.517	1000.5
59.534	960.8
59.551	975.2
59.568	991.4
59.585	950.2
59.602	953.1
59.619	953.6
59.636	932.2
59.653	953.8
59.67	981.1
59.687	951.6
59.704	962
59.721	962.3
59.738	965.4
59.755	941.1
59.772	959.4
59.789	982.4
59.806	989.1
59.823	1007.3
59.84	1010.2
59.857	979.9
59.874	962.5
59.891	971.8
59.908	984.7
59.925	979.5
59.942	970.5
59.959	963.7
59.976	990.1
59.993	975.8
60.01	972.9
60.027	985.9
60.044	966.4
60.061	938.8
60.078	921.4
60.095	960.2
60.112	979.8
60.129	975.2
60.146	948.1
60.163	978.6
60.18	925.7
60.197	953.6
60.214	961.5
60.231	940.4
60.248	977.5
60.265	953.2
60.282	958
60.299	977.4
60.316	1025.8
60.333	944
60.35	977.4
60.367	995.1
60.384	937.2
60.401	1001.8
60.418	950.5
60.435	960.8
60.452	1000.6
60.469	933.5
60.486	974
60.503	972.2
60.52	943.8
60.537	955
60.554	941
60.571	971.8
60.588	953.1
60.605	968.1
60.622	936.5
60.639	931.2
60.656	966.6
60.673	974.8
60.69	957.8
60.707	987.6
60.724	994.5
60.741	955.6
60.758	965.9
60.775	979.5
60.792	957.8
60.809	986.9
60.826	999.9
60.843	982.2
60.86	987.5
60.877	1010.5
60.894	986.2
60.911	974.1
60.928	991.4
60.945	995.8
60.962	962.6
60.979	989.4
60.996	992.1
61.013	944.4
61.03	921.1
61.047	958.4
61.064	1025.8
61.081	974.5
61.098	966.1
61.115	967.2
61.132	968.8
61.149	953.7
61.166	1010.6
61.183	973.1
61.2	976.1
61.217	1006.4
61.234	965.8
61.251	978.4
61.268	984.6
61.285	977.7
61.302	973.8
61.319	986.6
61.336	981.5
61.353	988.5
61.37	979.9
61.387	960.5
61.404	923.1
61.421	958.3
61.438	978.5
61.455	972.9
61.472	1001.2
61.489	973
61.506	974.5
61.523	997
61.54	981.2
61.557	985.2
61.574	985.8
61.591	951.9
61.608	980.5
61.625	956.6
61.642	966.5
61.659	958.4
61.676	950.9
61.693	980.5
61.71	970
61.727	939.4
61.744	962
61.761	979.3
61.778	1001.8
61.795	1028.3
61.812	1000.1
61.829	982.9
61.846	949.7
61.863	945.5
61.88	954.1
61.897	956.1
61.914	957.6
61.931	965.6
61.948	943.8
61.965	957.4
61.982	962.9
61.999	947.2
62.016	981.5
62.033	975.1
62.05	1007.6
62.067	985.2
62.084	974.4
62.101	993.6
62.118	957.6
62.135	997.6
62.152	963.1
62.169	1007.4
62.186	920.1
62.203	954.8
62.22	967.6
62.237	976.8
62.254	958.9
62.271	974.4
62.288	980.7
62.305	975.4
62.322	964.1
62.339	935.2
62.356	973.5
62.373	1009.2
62.39	948
62.407	947.4
62.424	941.3
62.441	991.4
62.458	951.9
62.475	981.1
62.492	951.1
62.509	953.9
62.526	967.8
62.543	963.4
62.56	952.6
62.577	948.8
62.594	990.6
62.611	952.5
62.628	959.6
62.645	957.9
62.662	1019.5
62.679	1012.4
62.696	1019.5
62.713	1025.7
62.73	1004.6
62.747	997.9
62.764	978.5
62.781	954.8
62.798	966.8
62.815	947.5
62.832	955.1
62.849	956.4
62.866	962.6
62.883	971.8
62.9	970.6
62.917	996.4
62.934	1002.9
62.951	1002.2
62.968	1003.5
62.985	979.9
63.002	993.7
63.019	989.8
63.036	999.9
63.053	965.1
63.07	935.9
63.087	965.6
63.104	956.6
63.121	905.4
63.138	943.5
63.155	951.6
63.172	945.1
63.189	932.6
63.206	975.4
63.223	997.9
63.24	998.2
63.257	1016.8
63.274	994.8
63.291	960.1
63.308	961.4
63.325	967.4
63.342	974.2
63.359	993.2
63.376	982.8
63.393	1008.9
63.41	961.4
63.427	1001.4
63.444	1019.9
63.461	972.4
63.478	993.1
63.495	976.6
63.512	954.1
63.529	957.8
63.546	1003.5
63.563	1008.2
63.58	963.8
63.597	962.6
63.614	989.3
63.631	992.4
63.648	966.8
63.665	964.8
63.682	994.7
63.699	1003.7
63.716	967.8
63.733	982.1
63.75	999.8
63.767	996.2
63.784	1000.2
63.801	1003.7
63.818	998.8
63.835	994.4
63.852	984.8
63.869	999.2
63.886	1017.9
63.903	1000.6
63.92	994.5
63.937	1001.3
63.954	989.8
63.971	984.6
63.988	960.6
64.005	939.2
64.022	959.1
64.039	959.3
64.056	949.1
64.073	967.6
64.09	992.7
64.107	986.5
64.124	961.7
64.141	958.9
64.158	989.1
64.175	972.6
64.192	938.8
64.209	998.8
64.226	981.3
64.243	998.7
64.26	949.9
64.277	1011.1
64.294	980.4
64.311	988.5
64.328	1010.2
64.345	982.8
64.362	996.9
64.379	1010
64.396	978.8
64.413	990.6
64.43	971.3
64.447	1005.9
64.464	971.6
64.481	950.8
64.498	976.9
64.515	930.1
64.532	964.3
64.549	969
64.566	968.1
64.583	954
64.6	955.5
64.617	980
64.634	981.4
64.651	1001.7
64.668	981.5
64.685	990.2
64.702	1008.1
64.719	992.9
64.736	989.4
64.753	963.8
64.77	962.1
64.787	980.1
64.804	981.6
64.821	976.4
64.838	997.9
64.855	994.6
64.872	971.8
64.889	967.2
64.906	955.3
64.923	963
64.94	1009.1
64.957	979.4
64.974	984.6
64.991	980.6
65.008	1020.6
65.025	995.7
65.042	959.6
65.059	969.9
65.076	968.7
65.093	980.9
65.11	995.4
65.127	984.3
65.144	973.2
65.161	975.8
65.178	956.7
65.195	968.4
65.212	974.3
65.229	977.5
65.246	956.2
65.263	994.9
65.28	1038.1
65.297	989.1
65.314	957.6
65.331	954.2
65.348	989.9
65.365	988.4
65.382	995.3
65.399	999.9
65.416	995.2
65.433	951.8
65.45	965.4
65.467	971.6
65.484	980.6
65.501	975.6
65.518	999.8
65.535	982.1
65.552	1013.4
65.569	986.8
65.586	986.5
65.603	1025.5
65.62	1015.3
65.637	988.8
65.654	999.5
65.671	974.3
65.688	963.1
65.705	966.5
65.722	990.2
65.739	991.3
65.756	963.9
65.773	963.9
65.79	996.6
65.807	1020.8
65.824	1001.2
65.841	988.6
65.858	998.3
65.875	986.9
65.892	986.1
65.909	988.9
65.926	1019
65.943	1002.6
65.96	996.6
65.977	991.1
65.994	991.5
66.011	969.8
66.028	1000.4
66.045	1021.5
66.062	1011.8
66.079	993.7
66.096	1005.7
66.113	1015.1
66.13	984.5
66.147	992.3
66.164	997.6
66.181	1007.2
66.198	1007.5
66.215	951.2
66.232	939.5
66.249	950.4
66.266	988.4
66.283	977.7
66.3	958.6
66.317	986
66.334	1016.4
66.351	991.6
66.368	1000.8
66.385	980.9
66.402	976.5
66.419	938.5
66.436	964
66.453	994.2
66.47	967.9
66.487	997.5
66.504	975.7
66.521	1001.5
66.538	979.4
66.555	1000.5
66.572	991.1
66.589	977.3
66.606	999.3
66.623	1020.8
66.64	1030.7
66.657	992.7
66.674	973.7
66.691	1000.2
66.708	986
66.725	969.1
66.742	954
66.759	955.2
66.776	974.3
66.793	979.1
66.81	980.2
66.827	967.8
66.844	981.4
66.861	988.4
66.878	996.1
66.895	1015.9
66.912	1045.4
66.929	1019.8
66.946	1015.4
66.963	1007.7
66.98	1033.8
66.997	1012.1
67.014	981.5
67.031	972.6
67.048	968.4
67.065	990
67.082	990.4
67.099	995.9
67.116	983.1
67.133	1046
67.15	998.7
67.167	1009.9
67.184	1009.2
67.201	1010.6
67.218	975.6
67.235	1014.9
67.252	967.5
67.269	991.8
67.286	1003.8
67.303	981.7
67.32	947.7
67.337	990.5
67.354	980.5
67.371	957.8
67.388	971.1
67.405	974.1
67.422	993.9
67.439	1021.1
67.456	976.6
67.473	1003.3
67.49	1021.3
67.507	977.4
67.524	971.5
67.541	1026.2
67.558	996.7
67.575	993.2
67.592	1013.8
67.609	1041.6
67.626	1017.3
67.643	990.3
67.66	995.2
67.677	998.4
67.694	1005.5
67.711	1012.2
67.728	998.6
67.745	993.6
67.762	1002.7
67.779	981.4
67.796	972.8
67.813	999.2
67.83	971.4
67.847	978.8
67.864	991.4
67.881	998.6
67.898	1008.4
67.915	1013.8
67.932	1011.5
67.949	1017.5
67.966	978.4
67.983	984.5
68	974.2
68.017	930.4
68.034	954.5
68.051	981.2
68.068	1015.5
68.085	992.9
68.102	1006.6
68.119	997.7
68.136	964.1
68.153	1013.1
68.17	1021.3
68.187	1115.3
68.204	1008.2
68.221	1010.6
68.238	1007.2
68.255	1038.9
68.272	990.2
68.289	1009.1
68.306	1010.5
68.323	1018.4
68.34	1007.4
68.357	997.3
68.374	986.4
68.391	993.4
68.408	1014.9
68.425	1014.5
68.442	1022.6
68.459	1014.9
68.476	1000.6
68.493	1039.6
68.51	984.6
68.527	980.8
68.544	1009.6
68.561	1017.8
68.578	997.6
68.595	989.1
68.612	958.6
68.629	970.2
68.646	1005.4
68.663	994.8
68.68	992
68.697	991.5
68.714	983.5
68.731	976.4
68.748	984
68.765	999.8
68.782	996.6
68.799	992.8
68.816	1020.6
68.833	1013.4
68.85	987.8
68.867	999.2
68.884	985.1
68.901	973.8
68.918	1014.9
68.935	964.7
68.952	960.5
68.969	970.5
68.986	993.3
69.003	982.6
69.02	990.6
69.037	969.9
69.054	984.5
69.071	978
69.088	1008.7
69.105	988.9
69.122	1003.5
69.139	994
69.156	962.7
69.173	976.4
69.19	1016.8
69.207	1042.8
69.224	1008.4
69.241	1013.3
69.258	1001.9
69.275	1002.7
69.292	1042.8
69.309	990.1
69.326	962.5
69.343	1003.5
69.36	1026.1
69.377	1012.3
69.394	1015.3
69.411	988.8
69.428	1001.2
69.445	988.7
69.462	1000.1
69.479	1003.5
69.496	1025.7
69.513	1004.6
69.53	998.5
69.547	990.9
69.564	1005.8
69.581	1001.5
69.598	993.7
69.615	1005.1
69.632	1007.5
69.649	1016.4
69.666	1023.2
69.683	1025.7
69.7	1003.9
69.717	985.2
69.734	973.4
69.751	995.1
69.768	996.8
69.785	1010.3
69.802	1015.9
69.819	1029.6
69.836	1024.6
69.853	1031.4
69.87	990.4
69.887	1014.4
69.904	1036.1
69.921	1020.6
69.938	1013.6
69.955	992.7
69.972	1003.6
69.989	998.8
70.006	1028.5
70.023	1034.4
70.04	995.2
70.057	1026.3
70.074	969.1
70.091	1004.9
70.108	1035.9
70.125	1048.6
70.142	1027.6
70.159	1037.2
70.176	1022.6
70.193	999.8
70.21	984.9
70.227	1062.4
70.244	1033.5
70.261	981.7
70.278	1054.5
70.295	1013.4
70.312	1005.1
70.329	1020.5
70.346	981.8
70.363	1010.2
70.38	1000.5
70.397	1038.2
70.414	1006.6
70.431	971.2
70.448	1022.2
70.465	1009.5
70.482	1018.9
70.499	1031.1
70.516	1000.9
70.533	1016.5
70.55	1039.4
70.567	1027.9
70.584	1009.4
70.601	1001.2
70.618	1019.4
70.635	1009.1
70.652	1010.2
70.669	1012.6
70.686	991.9
70.703	1005.4
70.72	994.9
70.737	980
70.754	1012.6
70.771	1022.3
70.788	1010.5
70.805	1001.5
70.822	994.9
70.839	1025.4
70.856	1015.1
70.873	1017.2
70.89	1019.5
70.907	1011.1
70.924	1011.1
70.941	997.8
70.958	1024.7
70.975	1003.5
70.992	995.2
71.009	999.9
71.026	1030.1
71.043	1030.5
71.06	1008.6
71.077	1032.8
71.094	1012.4
71.111	1004.1
71.128	1037.9
71.145	1034.1
71.162	989.7
71.179	1033.6
71.196	1043.2
71.213	1031.5
71.23	1052.8
71.247	1016.8
71.264	1014.2
71.281	1019.3
71.298	1054.1
71.315	1023.2
71.332	1010.4
71.349	1015.1
71.366	1001
71.383	1016.7
71.4	1011.6
71.417	1006.3
71.434	1009.2
71.451	981.1
71.468	999.8
71.485	1030.2
71.502	1048.2
71.519	1020.4
71.536	1042.5
71.553	1035.1
71.57	1038.1
71.587	1055.2
71.604	1057.8
71.621	1053.6
71.638	1046.6
71.655	1023.9
71.672	1009
71.689	1041
71.706	1040.1
71.723	1025.5
71.74	1018.2
71.757	1022.2
71.774	1043.2
71.791	1060.2
71.808	1032.4
71.825	1036
71.842	1003.6
71.859	999.5
71.876	1040.4
71.893	1063.3
71.91	1082.8
71.927	1060.8
71.944	1011.3
71.961	1048.4
71.978	1052.3
71.995	1026.1
72.012	1043.1
72.029	1025
72.046	978.1
72.063	998.5
72.08	1052.7
72.097	1031.2
72.114	1019.2
72.131	1021.7
72.148	1004.8
72.165	1062.6
72.182	1027.5
72.199	1066.6
72.216	1043.7
72.233	1024.7
72.25	1049.8
72.267	1017.9
72.284	1064.3
72.301	1067.4
72.318	1042.2
72.335	1042.9
72.352	1013.1
72.369	1060.6
72.386	1040
72.403	1055.4
72.42	1046.1
72.437	1062.6
72.454	1055.1
72.471	1040.9
72.488	1039.3
72.505	1027.4
72.522	1018.6
72.539	1043.8
72.556	1040.1
72.573	1043.1
72.59	1059.4
72.607	1050.1
72.624	1066.9
72.641	1063.1
72.658	1032.8
72.675	1045.7
72.692	1040.9
72.709	1038.9
72.726	1022.5
72.743	1047.6
72.76	1056.5
72.777	1032
72.794	1034.4
72.811	1071.7
72.828	1065.1
72.845	1033.2
72.862	1023.5
72.879	1062.8
72.896	1059.4
72.913	1049.4
72.93	1039.5
72.947	1032.1
72.964	1047.5
72.981	1008.4
72.998	1015.8
73.015	1030.8
73.032	1072.4
73.049	1028.6
73.066	993.1
73.083	1044.8
73.1	1069.4
73.117	1014.1
73.134	1061.9
73.151	1029.5
73.168	1050.7
73.185	1019.6
73.202	1109.1
73.219	1093.4
73.236	1081.2
73.253	1039.2
73.27	1087.9
73.287	1054.1
73.304	1039.7
73.321	1050.8
73.338	1048.8
73.355	1076.4
73.372	1065
73.389	1051.5
73.406	1091.6
73.423	1081.8
73.44	1031.4
73.457	1040.2
73.474	1075.8
73.491	1089.2
73.508	1093
73.525	1092.9
73.542	1091.2
73.559	1078.5
73.576	1090.2
73.593	1162.5
73.61	1235.6
73.627	1244.3
73.644	1235.1
73.661	1271.6
73.678	1328.6
73.695	1302.5
73.712	1230.2
73.729	1234.4
73.746	1255.3
73.763	1232
73.78	1297.6
73.797	1321.8
73.814	1304.7
73.831	1353.1
73.848	1436.5
73.865	1466.8
73.882	1585.2
73.899	1749.7
73.916	2062.8
73.933	2590.2
73.95	3493.5
73.967	5273.1
73.984	8567
74.001	13659.1
74.018	18380.9
74.035	18920.8
74.052	15009.2
74.069	10373.6
74.086	6919.5
74.103	4653.5
74.12	3285.6
74.137	2499.2
74.154	2019
74.171	1702.5
74.188	1499
74.205	1446.8
74.222	1369.8
74.239	1211.1
74.256	1061.4
74.273	1460.1
74.29	1329.6
74.307	1275.3
74.324	1273.3
74.341	1164.1
74.358	1140.9
74.375	1248.7
74.392	1199.5
74.409	1250.1
74.426	1171.1
74.443	1162.1
74.46	1240.6
74.477	1194.4
74.494	1074.2
74.511	1095.1
74.528	1129.2
74.545	1131.5
74.562	1122.9
74.579	1121.3
74.596	1110.4
74.613	1115.8
74.63	1110.3
74.647	1082.8
74.664	1081.4
74.681	1104.3
74.698	1122.4
74.715	1079.3
74.732	1070.1
74.749	1103.8
74.766	1098.5
74.783	1074.2
74.8	1062.2
74.817	1084.4
74.834	1119.6
74.851	1082
74.868	1081.4
74.885	1070.5
74.902	1047.2
74.919	1064.5
74.936	1045.2
74.953	1108.6
74.97	1054.7
74.987	1049.5
75.004	1040.6
75.021	1036
75.038	1069
75.055	1084.6
75.072	1076.8
75.089	1057.1
75.106	1044.1
75.123	1062.4
75.14	1071.1
75.157	1101.5
75.174	1046.4
75.191	1067.2
75.208	1040.8
75.225	1068.8
75.242	1067.5
75.259	1091.1
75.276	1074.8
75.293	1054.7
75.31	1051.2
75.327	1071.1
75.344	1069.1
75.361	1022.8
75.378	1035.4
75.395	1040.9
75.412	1039.3
75.429	1046.6
75.446	1087.8
75.463	1067.6
75.48	1061.9
75.497	1074.3
75.514	1047.3
75.531	1052.1
75.548	1053.3
75.565	1058.8
75.582	1072.1
75.599	1072.6
75.616	1050.2
75.633	1055.1
75.65	1070.6
75.667	1049.2
75.684	1052.9
75.701	1067.5
75.718	1074.7
75.735	1067.5
75.752	1025.9
75.769	1011.7
75.786	1055.2
75.803	1057.7
75.82	1052.1
75.837	1040.5
75.854	1095.5
75.871	1086.7
75.888	1080.1
75.905	1049.6
75.922	1057.7
75.939	1036.2
75.956	1025.8
75.973	1054.4
75.99	1058.6
76.007	1037.6
76.024	1062.9
76.041	1060.8
76.058	1042.1
76.075	1057.4
76.092	1015.8
76.109	1028.2
76.126	1021.4
76.143	1105.6
76.16	1084.5
76.177	1089.8
76.194	1054.9
76.211	1068.7
76.228	1049.2
76.245	1067.5
76.262	1061.7
76.279	1103.1
76.296	1071.3
76.313	1060.8
76.33	1072.9
76.347	1069.9
76.364	1051.8
76.381	1049.6
76.398	1074.1
76.415	1059.4
76.432	1064.4
76.449	1053.7
76.466	1033.9
76.483	1048.1
76.5	1050.4
76.517	1056.8
76.534	1054
76.551	1053.1
76.568	1039.9
76.585	1072.3
76.602	1108.5
76.619	1096.8
76.636	1045.1
76.653	1048.3
76.67	1081.9
76.687	1032.6
76.704	1044
76.721	1059.5
76.738	1049.9
76.755	1019.4
76.772	1056.5
76.789	1045.8
76.806	1010.8
76.823	1026.1
76.84	1060.3
76.857	1066.4
76.874	1085.6
76.891	1048.6
76.908	1073.5
76.925	1051.6
76.942	1092.7
76.959	1069.5
76.976	1027.4
76.993	1005.8
77.01	1082.4
77.027	1071.6
77.044	1063.7
77.061	1029.9
77.078	1077.1
77.095	1089.9
77.112	1026.9
77.129	1059.8
77.146	1088.8
77.163	1082.2
77.18	1021.6
77.197	1032.3
77.214	1053.8
77.231	1064.4
77.248	1025.8
77.265	1067.2
77.282	1023.6
77.299	1050.5
77.316	1058.4
77.333	1063.9
77.35	1047.1
77.367	1064.4
77.384	1068.1
77.401	1037.5
77.418	1030.1
77.435	1032.9
77.452	1062.2
77.469	1048.2
77.486	1034.5
77.503	1011.2
77.52	1031.6
77.537	1055.8
77.554	1036.2
77.571	1039.8
77.588	1050.5
77.605	1028
77.622	1061.4
77.639	1081.6
77.656	1043.8
77.673	1041.7
77.69	1052.7
77.707	1047.9
77.724	1047.7
77.741	1059.3
77.758	1063.3
77.775	1050.4
77.792	1025.7
77.809	1053.3
77.826	1057.1
77.843	1043.7
77.86	1069.5
77.877	1047.7
77.894	1072.9
77.911	1039.6
77.928	1034.1
77.945	1050.1
77.962	1021.4
77.979	1043.8
77.996	1056.5
78.013	1065.2
78.03	1084.4
78.047	1075.1
78.064	1070.6
78.081	989.4
78.098	1058.3
78.115	1031.8
78.132	1046.1
78.149	1064.2
78.166	1084.1
78.183	1084.1
78.2	1069.2
78.217	1056.6
78.234	1048.8
78.251	1030.9
78.268	1059.5
78.285	1037.4
78.302	1059.2
78.319	1044.7
78.336	1025.8
78.353	1056.5
78.37	1079.6
78.387	1057.3
78.404	1044.9
78.421	1028.2
78.438	1047.8
78.455	1061.4
78.472	1068.4
78.489	1073.3
78.506	1045.1
78.523	1031.4
78.54	1036.2
78.557	1023.9
78.574	1023.1
78.591	1042.9
78.608	1074.9
78.625	1088.3
78.642	1075.8
78.659	1056.7
78.676	1050.9
78.693	1034
78.71	1035.4
78.727	1060.1
78.744	1093.8
78.761	1086.8
78.778	1034.7
78.795	1031.4
78.812	1055.2
78.829	1071.8
78.846	1036.1
78.863	1038.5
78.88	1060.1
78.897	1030.6
78.914	1040.5
78.931	1050.1
78.948	1083.2
78.965	1073.2
78.982	1121.1
78.999	1058.1
79.016	1044.7
79.033	1068.6
79.05	1016.5
79.067	1040.5
79.084	1050.7
79.101	1075.8
79.118	1042.4
79.135	1064
79.152	1048.6
79.169	1059.2
79.186	1062.5
79.203	1054.4
79.22	1059.6
79.237	1055.2
79.254	1089.8
79.271	1070.3
79.288	1058.9
79.305	1057.9
79.322	1055.1
79.339	1040.8
79.356	1053.9
79.373	1069.5
79.39	1075.3
79.407	1048.8
79.424	1060.6
79.441	1054.5
79.458	1047.5
79.475	1072.4
79.492	1077.1
79.509	1060.2
79.526	1033.3
79.543	1054.5
79.56	1062.3
79.577	1050.6
79.594	1044.9
79.611	1058.2
79.628	1044.5
79.645	1021.2
79.662	1039.9
79.679	1039.1
79.696	1058.5
79.713	1079.4
79.73	1039.7
79.747	1066.8
79.764	1063.4
79.781	1052.2
79.798	1040.8
79.815	1069.3
79.832	1057.4
79.849	1047.5
79.866	1040.9
79.883	1056.1
79.9	1058.2
79.917	1060.8
79.934	1058.8
79.951	1070.5
79.968	1062.7
