5.0150 1654.5
5.0320 1665.7
5.0490 1655.7
5.0660 1596.4
5.0830 1610.2
5.1000 1636.3
5.1170 1651.1
5.1340 1617.2
5.1510 1600.9
5.1680 1619.6
5.1850 1607.2
5.2020 1565.0
5.2190 1559.3
5.2360 1591.9
5.2530 1579.5
5.2700 1561.5
5.2870 1551.7
5.3040 1548.6
5.3210 1541.5
5.3380 1527.6
5.3550 1544.7
5.3720 1569.2
5.3890 1565.1
5.4060 1544.9
5.4230 1514.6
5.4400 1507.3
5.4570 1506.2
5.4740 1509.5
5.4910 1532.6
5.5080 1520.2
5.5250 1479.1
5.5420 1469.5
5.5590 1482.6
5.5760 1486.6
5.5930 1488.5
5.6100 1502.4
5.6270 1487.4
5.6440 1462.5
5.6610 1473.0
5.6780 1486.0
5.6950 1465.3
5.7120 1450.0
5.7290 1447.5
5.7460 1453.9
5.7630 1452.8
5.7800 1434.3
5.7970 1453.0
5.8140 1467.6
5.8310 1434.5
5.8480 1409.9
5.8650 1423.3
5.8820 1415.5
5.8990 1416.5
5.9160 1413.1
5.9330 1410.9
5.9500 1425.5
5.9670 1456.2
5.9840 1448.6
6.0010 1384.9
6.0180 1419.7
6.0350 1418.1
6.0520 1376.7
6.0690 1384.1
6.0860 1422.2
6.1030 1399.1
6.1200 1378.7
6.1370 1385.5
6.1540 1405.3
6.1710 1383.2
6.1880 1354.9
6.2050 1369.0
6.2220 1372.7
6.2390 1366.9
6.2560 1362.9
6.2730 1356.9
6.2900 1352.4
6.3070 1376.9
6.3240 1352.4
6.3410 1365.6
6.3580 1374.8
6.3750 1347.8
6.3920 1336.0
6.4090 1332.3
6.4260 1328.2
6.4430 1326.3
6.4600 1329.2
6.4770 1328.2
6.4940 1300.9
6.5110 1302.0
6.5280 1322.8
6.5450 1312.5
6.5620 1291.5
6.5790 1296.9
6.5960 1306.2
6.6130 1297.9
6.6300 1297.1
6.6470 1289.2
6.6640 1289.6
6.6810 1296.1
6.6980 1313.5
6.7150 1301.6
6.7320 1244.9
6.7490 1232.3
6.7660 1257.7
6.7830 1263.1
6.8000 1261.8
6.8170 1271.4
6.8340 1256.1
6.8510 1255.7
6.8680 1253.2
6.8850 1256.4
6.9020 1262.2
6.9190 1237.3
6.9360 1240.2
6.9530 1220.3
6.9700 1191.9
6.9870 1227.5
7.0040 1246.5
7.0210 1230.6
7.0380 1196.8
7.0550 1215.6
7.0720 1230.7
7.0890 1205.1
7.1060 1205.2
7.1230 1175.9
7.1400 1150.1
7.1570 1162.4
7.1740 1197.1
7.1910 1200.0
7.2080 1212.9
7.2250 1226.9
7.2420 1211.4
7.2590 1164.5
7.2760 1169.1
7.2930 1178.0
7.3100 1172.9
7.3270 1182.1
7.3440 1191.6
7.3610 1190.3
7.3780 1172.9
7.3950 1166.7
7.4120 1154.2
7.4290 1148.4
7.4460 1169.2
7.4630 1177.7
7.4800 1152.7
7.4970 1141.7
7.5140 1149.9
7.5310 1160.6
7.5480 1159.7
7.5650 1145.8
7.5820 1130.5
7.5990 1102.9
7.6160 1094.5
7.6330 1084.4
7.6500 1087.8
7.6670 1110.5
7.6840 1121.5
7.7010 1132.5
7.7180 1139.0
7.7350 1139.0
7.7520 1129.1
7.7690 1131.9
7.7860 1147.4
7.8030 1125.1
7.8200 1099.9
7.8370 1107.9
7.8540 1103.3
7.8710 1074.4
7.8880 1095.5
7.9050 1076.1
7.9220 1077.9
7.9390 1063.8
7.9560 1064.4
7.9730 1093.5
7.9900 1091.5
8.0070 1095.1
8.0240 1105.9
8.0410 1073.6
8.0580 1083.1
8.0750 1075.6
8.0920 1095.3
8.1090 1091.1
8.1260 1065.6
8.1430 1070.1
8.1600 1075.9
8.1770 1071.8
8.1940 1054.6
8.2110 1044.1
8.2280 1048.2
8.2450 1067.4
8.2620 1077.2
8.2790 1068.6
8.2960 1053.5
8.3130 1040.8
8.3300 1043.1
8.3470 1061.1
8.3640 1059.1
8.3810 1059.0
8.3980 1075.2
8.4150 1078.2
8.4320 1047.8
8.4490 1018.5
8.4660 1031.9
8.4830 1050.5
8.5000 1047.9
8.5170 1034.2
8.5340 1047.0
8.5510 1053.8
8.5680 1032.1
8.5850 1034.6
8.6020 1042.4
8.6190 1037.9
8.6360 1046.9
8.6530 1038.1
8.6700 1020.8
8.6870 1046.1
8.7040 1019.4
8.7210 991.5
8.7380 995.1
8.7550 1015.3
8.7720 1044.2
8.7890 1015.4
8.8060 997.5
8.8230 1011.9
8.8400 1021.8
8.8570 1034.2
8.8740 1010.4
8.8910 1017.2
8.9080 1057.4
8.9250 1047.2
8.9420 1019.1
8.9590 995.0
8.9760 1001.6
8.9930 997.8
9.0100 981.5
9.0270 988.7
9.0440 1007.6
9.0610 1004.8
9.0780 980.4
9.0950 1002.1
9.1120 1009.4
9.1290 999.5
9.1460 990.6
9.1630 966.0
9.1800 966.3
9.1970 986.4
9.2140 991.9
9.2310 979.1
9.2480 966.2
9.2650 983.6
9.2820 996.5
9.2990 975.2
9.3160 967.3
9.3330 973.2
9.3500 973.4
9.3670 963.6
9.3840 949.7
9.4010 961.1
9.4180 993.1
9.4350 994.9
9.4520 980.2
9.4690 982.8
9.4860 958.1
9.5030 932.9
9.5200 951.2
9.5370 950.5
9.5540 957.7
9.5710 970.5
9.5880 952.6
9.6050 934.9
9.6220 957.5
9.6390 977.0
9.6560 960.0
9.6730 962.4
9.6900 971.4
9.7070 957.8
9.7240 958.5
9.7410 963.6
9.7580 966.0
9.7750 971.8
9.7920 956.5
9.8090 946.9
9.8260 958.4
9.8430 930.5
9.8600 946.9
9.8770 953.2
9.8940 924.3
9.9110 931.9
9.9280 969.9
9.9450 966.9
9.9620 972.4
9.9790 961.6
9.9960 964.4
10.0130 955.5
10.0300 965.1
10.0470 978.2
10.0640 944.6
10.0810 951.8
10.0980 957.4
10.1150 935.8
10.1320 947.7
10.1490 968.4
10.1660 968.2
10.1830 948.8
10.2000 940.7
10.2170 940.2
10.2340 938.6
10.2510 950.9
10.2680 940.2
10.2850 931.8
10.3020 959.1
10.3190 956.4
10.3360 921.2
10.3530 920.3
10.3700 940.1
10.3870 929.7
10.4040 942.7
10.4210 961.0
10.4380 940.7
10.4550 921.1
10.4720 922.6
10.4890 936.2
10.5060 935.5
10.5230 943.5
10.5400 959.2
10.5570 933.3
10.5740 909.9
10.5910 935.6
10.6080 941.4
10.6250 935.3
10.6420 946.2
10.6590 937.3
10.6760 911.6
10.6930 922.1
10.7100 937.2
10.7270 914.6
10.7440 897.6
10.7610 917.0
10.7780 928.1
10.7950 936.2
10.8120 928.7
10.8290 924.5
10.8460 915.1
10.8630 928.0
10.8800 922.4
10.8970 905.4
10.9140 918.4
10.9310 925.2
10.9480 942.5
10.9650 963.2
10.9820 939.4
10.9990 922.8
11.0160 928.5
11.0330 920.5
11.0500 915.2
11.0670 918.2
11.0840 948.4
11.1010 977.1
11.1180 950.9
11.1350 940.5
11.1520 934.1
11.1690 913.8
11.1860 917.8
11.2030 922.8
11.2200 908.1
11.2370 921.4
11.2540 929.9
11.2710 925.4
11.2880 920.9
11.3050 914.3
11.3220 917.6
11.3390 925.9
11.3560 918.8
11.3730 930.6
11.3900 942.2
11.4070 930.2
11.4240 927.4
11.4410 928.3
11.4580 935.1
11.4750 935.5
11.4920 940.2
11.5090 946.6
11.5260 942.3
11.5430 950.7
11.5600 949.8
11.5770 931.1
11.5940 917.0
11.6110 907.5
11.6280 894.0
11.6450 905.1
11.6620 912.8
11.6790 888.2
11.6960 881.9
11.7130 893.6
11.7300 887.6
11.7470 892.9
11.7640 905.6
11.7810 915.5
11.7980 918.6
11.8150 930.5
11.8320 922.5
11.8490 925.8
11.8660 913.2
11.8830 870.6
11.9000 903.3
11.9170 890.4
11.9340 870.4
11.9510 904.2
11.9680 901.9
11.9850 898.8
12.0020 925.2
12.0190 940.3
12.0360 937.6
12.0530 906.8
12.0700 896.9
12.0870 911.6
12.1040 899.4
12.1210 915.2
12.1380 908.5
12.1550 890.2
12.1720 913.1
12.1890 929.0
12.2060 920.8
12.2230 904.9
12.2400 904.8
12.2570 916.3
12.2740 910.3
12.2910 897.5
12.3080 906.8
12.3250 911.3
12.3420 913.0
12.3590 920.5
12.3760 921.9
12.3930 927.4
12.4100 919.6
12.4270 900.5
12.4440 882.4
12.4610 880.4
12.4780 885.5
12.4950 902.7
12.5120 923.4
12.5290 924.0
12.5460 902.1
12.5630 901.9
12.5800 905.8
12.5970 883.6
12.6140 891.4
12.6310 886.1
12.6480 887.4
12.6650 895.8
12.6820 886.3
12.6990 888.7
12.7160 914.0
12.7330 910.7
12.7500 891.6
12.7670 892.0
12.7840 918.3
12.8010 914.2
12.8180 913.1
12.8350 899.5
12.8520 888.5
12.8690 899.0
12.8860 900.4
12.9030 902.8
12.9200 916.6
12.9370 904.8
12.9540 895.2
12.9710 893.5
12.9880 913.2
13.0050 916.6
13.0220 907.8
13.0390 910.1
13.0560 908.6
13.0730 906.6
13.0900 918.2
13.1070 910.8
13.1240 899.5
13.1410 901.8
13.1580 907.9
13.1750 904.2
13.1920 896.4
13.2090 880.4
13.2260 869.4
13.2430 865.8
13.2600 873.9
13.2770 890.5
13.2940 900.6
13.3110 906.3
13.3280 890.7
13.3450 883.4
13.3620 894.4
13.3790 899.1
13.3960 900.1
13.4130 897.1
13.4300 903.0
13.4470 898.5
13.4640 889.5
13.4810 879.8
13.4980 872.2
13.5150 890.1
13.5320 909.3
13.5490 910.2
13.5660 928.9
13.5830 934.8
13.6000 916.4
13.6170 900.0
13.6340 890.8
13.6510 889.5
13.6680 881.1
13.6850 884.7
13.7020 908.2
13.7190 921.2
13.7360 908.6
13.7530 892.5
13.7700 889.1
13.7870 874.2
13.8040 884.5
13.8210 898.1
13.8380 898.9
13.8550 893.2
13.8720 873.8
13.8890 878.6
13.9060 903.6
13.9230 926.8
13.9400 918.5
13.9570 899.2
13.9740 889.8
13.9910 896.6
14.0080 897.1
14.0250 907.6
14.0420 928.1
14.0590 903.5
14.0760 901.6
14.0930 880.8
14.1100 875.2
14.1270 898.9
14.1440 946.4
14.1610 962.4
14.1780 902.6
14.1950 901.6
14.2120 908.4
14.2290 916.9
14.2460 907.4
14.2630 900.9
14.2800 907.5
14.2970 899.1
14.3140 883.6
14.3310 898.4
14.3480 912.7
14.3650 905.9
14.3820 893.9
14.3990 877.7
14.4160 883.7
14.4330 896.5
14.4500 897.9
14.4670 905.8
14.4840 903.3
14.5010 908.3
14.5180 924.2
14.5350 923.9
14.5520 922.2
14.5690 911.2
14.5860 890.9
14.6030 887.6
14.6200 909.2
14.6370 936.1
14.6540 924.9
14.6710 911.6
14.6880 892.8
14.7050 883.9
14.7220 895.0
14.7390 896.8
14.7560 894.1
14.7730 917.7
14.7900 919.8
14.8070 900.6
14.8240 916.5
14.8410 940.4
14.8580 935.6
14.8750 913.2
14.8920 908.9
14.9090 923.9
14.9260 901.5
14.9430 892.5
14.9600 896.9
14.9770 891.5
14.9940 899.5
15.0110 912.3
15.0280 897.5
15.0450 893.5
15.0620 890.5
15.0790 886.8
15.0960 929.4
15.1130 946.7
15.1300 933.8
15.1470 921.2
15.1640 919.2
15.1810 914.3
15.1980 918.9
15.2150 918.2
15.2320 893.3
15.2490 899.5
15.2660 908.6
15.2830 897.2
15.3000 900.5
15.3170 902.9
15.3340 895.4
15.3510 893.0
15.3680 894.2
15.3850 891.5
15.4020 883.8
15.4190 893.5
15.4360 920.7
15.4530 929.0
15.4700 890.2
15.4870 857.2
15.5040 879.3
15.5210 897.3
15.5380 911.9
15.5550 900.5
15.5720 880.5
15.5890 891.2
15.6060 877.1
15.6230 890.4
15.6400 910.9
15.6570 916.4
15.6740 908.1
15.6910 909.1
15.7080 915.6
15.7250 918.9
15.7420 906.3
15.7590 925.1
15.7760 926.1
15.7930 928.5
15.8100 928.0
15.8270 906.8
15.8440 916.5
15.8610 946.2
15.8780 930.4
15.8950 901.6
15.9120 920.7
15.9290 911.4
15.9460 909.9
15.9630 905.2
15.9800 923.6
15.9970 932.2
16.0140 927.3
16.0310 912.1
16.0480 886.5
16.0650 888.1
16.0820 914.8
16.0990 911.5
16.1160 910.8
16.1330 913.2
16.1500 900.9
16.1670 910.2
16.1840 949.7
16.2010 956.9
16.2180 924.4
16.2350 917.1
16.2520 923.7
16.2690 922.4
16.2860 915.9
16.3030 921.6
16.3200 918.2
16.3370 912.1
16.3540 929.8
16.3710 942.8
16.3880 927.3
16.4050 934.4
16.4220 955.7
16.4390 950.3
16.4560 921.8
16.4730 895.2
16.4900 896.8
16.5070 908.8
16.5240 886.0
16.5410 884.1
16.5580 923.2
16.5750 937.5
16.5920 922.4
16.6090 897.6
16.6260 896.9
16.6430 916.5
16.6600 902.2
16.6770 905.0
16.6940 917.2
16.7110 899.0
16.7280 897.6
16.7450 929.8
16.7620 952.6
16.7790 934.3
16.7960 923.1
16.8130 929.0
16.8300 919.1
16.8470 898.8
16.8640 904.4
16.8810 924.2
16.8980 922.2
16.9150 928.4
16.9320 911.4
16.9490 891.4
16.9660 927.6
16.9830 935.9
17.0000 925.5
17.0170 931.4
17.0340 943.6
17.0510 938.5
17.0680 932.1
17.0850 913.1
17.1020 915.1
17.1190 928.0
17.1360 930.1
17.1530 933.0
17.1700 935.1
17.1870 941.7
17.2040 940.0
17.2210 929.6
17.2380 937.2
17.2550 954.8
17.2720 958.9
17.2890 948.9
17.3060 945.5
17.3230 944.9
17.3400 932.8
17.3570 919.5
17.3740 917.1
17.3910 929.6
17.4080 929.1
17.4250 909.6
17.4420 916.4
17.4590 950.6
17.4760 964.2
17.4930 946.5
17.5100 937.1
17.5270 938.5
17.5440 922.5
17.5610 921.4
17.5780 939.4
17.5950 937.1
17.6120 943.3
17.6290 955.1
17.6460 951.8
17.6630 949.3
17.6800 932.9
17.6970 941.7
17.7140 955.6
17.7310 920.1
17.7480 912.2
17.7650 913.9
17.7820 929.1
17.7990 947.5
17.8160 951.4
17.8330 937.2
17.8500 911.9
17.8670 921.6
17.8840 951.8
17.9010 960.1
17.9180 953.1
17.9350 931.7
17.9520 924.7
17.9690 952.9
17.9860 958.2
18.0030 956.3
18.0200 941.1
18.0370 930.7
18.0540 931.1
18.0710 928.1
18.0880 946.4
18.1050 956.2
18.1220 938.0
18.1390 943.6
18.1560 966.0
18.1730 958.2
18.1900 951.5
18.2070 963.4
18.2240 963.6
18.2410 954.6
18.2580 961.9
18.2750 962.4
18.2920 946.0
18.3090 941.8
18.3260 957.8
18.3430 973.1
18.3600 968.7
18.3770 960.2
18.3940 963.6
18.4110 955.6
18.4280 964.9
18.4450 977.8
18.4620 972.7
18.4790 970.9
18.4960 976.2
18.5130 973.1
18.5300 968.9
18.5470 968.5
18.5640 950.1
18.5810 948.2
18.5980 954.8
18.6150 949.1
18.6320 957.2
18.6490 947.9
18.6660 982.3
18.6830 989.7
18.7000 960.5
18.7170 967.2
18.7340 976.1
18.7510 952.5
18.7680 934.5
18.7850 946.1
18.8020 980.2
18.8190 996.9
18.8360 990.4
18.8530 959.9
18.8700 962.9
18.8870 997.8
18.9040 978.5
18.9210 944.5
18.9380 958.0
18.9550 958.8
18.9720 957.5
18.9890 956.9
19.0060 958.5
19.0230 958.3
19.0400 965.9
19.0570 967.1
19.0740 958.1
19.0910 950.6
19.1080 964.4
19.1250 971.0
19.1420 958.8
19.1590 999.2
19.1760 1022.9
19.1930 982.2
19.2100 959.8
19.2270 969.5
19.2440 978.2
19.2610 964.1
19.2780 966.2
19.2950 977.5
19.3120 973.6
19.3290 960.1
19.3460 967.1
19.3630 969.8
19.3800 948.1
19.3970 962.1
19.4140 990.5
19.4310 979.2
19.4480 956.8
19.4650 957.9
19.4820 973.5
19.4990 983.0
19.5160 969.7
19.5330 974.5
19.5500 980.6
19.5670 969.6
19.5840 965.3
19.6010 976.9
19.6180 997.3
19.6350 1009.7
19.6520 1013.2
19.6690 976.6
19.6860 961.6
19.7030 957.2
19.7200 956.1
19.7370 950.6
19.7540 974.1
19.7710 964.1
19.7880 943.5
19.8050 953.0
19.8220 964.3
19.8390 1001.2
19.8560 995.4
19.8730 997.2
19.8900 993.9
19.9070 984.9
19.9240 964.5
19.9410 988.2
19.9580 1005.1
19.9750 982.6
19.9920 973.8
20.0090 981.1
20.0260 991.5
20.0430 980.2
20.0600 969.8
20.0770 961.9
20.0940 968.8
20.1110 1000.7
20.1280 1002.7
20.1450 997.6
20.1620 1002.8
20.1790 1007.3
20.1960 1000.4
20.2130 991.0
20.2300 972.8
20.2470 974.6
20.2640 976.3
20.2810 958.4
20.2980 996.6
20.3150 1038.5
20.3320 1043.6
20.3490 1034.1
20.3660 1003.4
20.3830 993.9
20.4000 992.4
20.4170 980.7
20.4340 993.1
20.4510 996.0
20.4680 1005.6
20.4850 993.5
20.5020 975.8
20.5190 980.6
20.5360 1001.1
20.5530 1014.1
20.5700 1002.2
20.5870 992.2
20.6040 992.8
20.6210 994.7
20.6380 1002.9
20.6550 1012.4
20.6720 1017.9
20.6890 1005.5
20.7060 990.4
20.7230 1002.4
20.7400 1016.8
20.7570 992.4
20.7740 977.4
20.7910 981.4
20.8080 990.9
20.8250 1017.2
20.8420 1023.8
20.8590 1013.2
20.8760 981.2
20.8930 1004.7
20.9100 1025.2
20.9270 996.6
20.9440 995.5
20.9610 1006.5
20.9780 1011.2
20.9950 1030.0
21.0120 1023.1
21.0290 996.1
21.0460 996.1
21.0630 1009.8
21.0800 1002.9
21.0970 981.9
21.1140 991.1
21.1310 995.2
21.1480 992.9
21.1650 991.5
21.1820 1000.5
21.1990 1002.8
21.2160 1003.1
21.2330 1016.3
21.2500 1046.2
21.2670 1054.8
21.2840 1028.2
21.3010 1016.2
21.3180 1008.0
21.3350 997.2
21.3520 1002.6
21.3690 1005.4
21.3860 1009.6
21.4030 1024.5
21.4200 1023.8
21.4370 1027.5
21.4540 1027.2
21.4710 1039.7
21.4880 1034.3
21.5050 1014.9
21.5220 1014.8
21.5390 1031.2
21.5560 1035.2
21.5730 1022.4
21.5900 1015.5
21.6070 1012.7
21.6240 1021.7
21.6410 1015.9
21.6580 1012.4
21.6750 1032.1
21.6920 1042.8
21.7090 1048.2
21.7260 1010.8
21.7430 984.6
21.7600 1018.9
21.7770 1023.2
21.7940 1031.8
21.8110 1053.9
21.8280 1024.0
21.8450 1014.0
21.8620 1005.4
21.8790 1007.0
21.8960 1024.1
21.9130 1029.1
21.9300 1035.4
21.9470 1034.2
21.9640 1061.2
21.9810 1062.8
21.9980 1042.2
22.0150 1051.1
22.0320 1035.5
22.0490 1024.4
22.0660 1037.4
22.0830 1034.7
22.1000 1017.5
22.1170 1014.4
22.1340 1009.6
22.1510 1008.6
22.1680 1020.9
22.1850 1022.9
22.2020 1019.2
22.2190 1018.8
22.2360 1019.2
22.2530 1020.5
22.2700 1033.9
22.2870 1047.6
22.3040 1035.5
22.3210 1028.1
22.3380 1047.6
22.3550 1049.2
22.3720 1042.5
22.3890 1039.5
22.4060 1035.9
22.4230 1047.9
22.4400 1030.6
22.4570 1014.1
22.4740 1031.1
22.4910 1043.7
22.5080 1045.6
22.5250 1056.2
22.5420 1044.8
22.5590 1028.5
22.5760 1020.9
22.5930 1025.6
22.6100 1047.6
22.6270 1048.5
22.6440 1076.1
22.6610 1056.6
22.6780 1024.1
22.6950 1050.4
22.7120 1030.0
22.7290 1030.1
22.7460 1064.4
22.7630 1061.1
22.7800 1074.8
22.7970 1088.4
22.8140 1077.2
22.8310 1055.8
22.8480 1065.5
22.8650 1046.0
22.8820 1049.0
22.8990 1034.1
22.9160 1042.6
22.9330 1055.9
22.9500 1058.6
22.9670 1079.4
22.9840 1071.2
23.0010 1068.4
23.0180 1064.5
23.0350 1052.1
23.0520 1061.7
23.0690 1070.7
23.0860 1078.5
23.1030 1081.2
23.1200 1084.9
23.1370 1094.1
23.1540 1080.9
23.1710 1046.1
23.1880 1047.1
23.2050 1082.5
23.2220 1089.4
23.2390 1073.4
23.2560 1065.2
23.2730 1065.8
23.2900 1060.7
23.3070 1058.5
23.3240 1070.6
23.3410 1083.0
23.3580 1078.1
23.3750 1063.6
23.3920 1051.8
23.4090 1060.7
23.4260 1082.6
23.4430 1078.4
23.4600 1067.2
23.4770 1062.1
23.4940 1018.2
23.5110 998.2
23.5280 1023.6
23.5450 1061.5
23.5620 1083.5
23.5790 1070.8
23.5960 1065.3
23.6130 1085.6
23.6300 1105.9
23.6470 1105.9
23.6640 1091.1
23.6810 1078.0
23.6980 1100.1
23.7150 1095.2
23.7320 1066.7
23.7490 1045.7
23.7660 1079.4
23.7830 1086.2
23.8000 1041.7
23.8170 1062.6
23.8340 1081.7
23.8510 1071.6
23.8680 1062.8
23.8850 1064.3
23.9020 1073.5
23.9190 1049.9
23.9360 1023.9
23.9530 1073.9
23.9700 1111.4
23.9870 1106.2
24.0040 1086.5
24.0210 1071.2
24.0380 1070.1
24.0550 1064.8
24.0720 1069.6
24.0890 1086.4
24.1060 1090.0
24.1230 1080.0
24.1400 1081.2
24.1570 1078.5
24.1740 1085.6
24.1910 1107.9
24.2080 1106.2
24.2250 1089.8
24.2420 1069.4
24.2590 1055.4
24.2760 1053.0
24.2930 1072.4
24.3100 1102.5
24.3270 1105.6
24.3440 1121.1
24.3610 1118.9
24.3780 1094.1
24.3950 1115.4
24.4120 1110.6
24.4290 1089.3
24.4460 1096.4
24.4630 1118.1
24.4800 1117.8
24.4970 1081.4
24.5140 1048.2
24.5310 1069.4
24.5480 1075.9
24.5650 1072.8
24.5820 1116.5
24.5990 1120.5
24.6160 1072.4
24.6330 1096.4
24.6500 1118.4
24.6670 1109.2
24.6840 1143.2
24.7010 1142.4
24.7180 1118.6
24.7350 1107.9
24.7520 1088.2
24.7690 1121.8
24.7860 1110.9
24.8030 1063.4
24.8200 1077.5
24.8370 1084.5
24.8540 1063.9
24.8710 1076.6
24.8880 1090.2
24.9050 1104.4
24.9220 1119.1
24.9390 1119.9
24.9560 1124.1
24.9730 1116.3
24.9900 1111.8
25.0070 1109.3
25.0240 1097.8
25.0410 1081.2
25.0580 1076.2
25.0750 1086.2
25.0920 1088.0
25.1090 1096.2
25.1260 1108.0
25.1430 1116.2
25.1600 1134.2
25.1770 1134.4
25.1940 1110.5
25.2110 1104.3
25.2280 1124.8
25.2450 1118.2
25.2620 1096.6
25.2790 1105.1
25.2960 1119.6
25.3130 1127.4
25.3300 1125.5
25.3470 1120.2
25.3640 1119.6
25.3810 1106.1
25.3980 1110.8
25.4150 1127.1
25.4320 1152.2
25.4490 1129.6
25.4660 1105.6
25.4830 1108.0
25.5000 1117.4
25.5170 1133.9
25.5340 1110.6
25.5510 1102.9
25.5680 1098.4
25.5850 1102.1
25.6020 1134.9
25.6190 1124.3
25.6360 1105.9
25.6530 1151.4
25.6700 1151.5
25.6870 1105.5
25.7040 1105.7
25.7210 1118.8
25.7380 1129.2
25.7550 1132.9
25.7720 1144.9
25.7890 1138.0
25.8060 1101.5
25.8230 1088.3
25.8400 1093.9
25.8570 1092.5
25.8740 1120.1
25.8910 1139.3
25.9080 1156.4
25.9250 1157.9
25.9420 1133.4
25.9590 1126.1
25.9760 1126.8
25.9930 1137.6
26.0100 1146.9
26.0270 1154.0
26.0440 1144.0
26.0610 1138.2
26.0780 1120.9
26.0950 1122.4
26.1120 1145.9
26.1290 1150.4
26.1460 1148.9
26.1630 1138.2
26.1800 1131.9
26.1970 1139.4
26.2140 1130.9
26.2310 1121.7
26.2480 1135.2
26.2650 1154.4
26.2820 1163.4
26.2990 1158.1
26.3160 1149.5
26.3330 1166.5
26.3500 1198.4
26.3670 1168.8
26.3840 1124.2
26.4010 1120.9
26.4180 1132.5
26.4350 1146.4
26.4520 1149.6
26.4690 1148.1
26.4860 1141.6
26.5030 1119.4
26.5200 1129.1
26.5370 1141.9
26.5540 1170.8
26.5710 1166.9
26.5880 1164.8
26.6050 1183.8
26.6220 1132.5
26.6390 1116.1
26.6560 1124.4
26.6730 1152.7
26.6900 1155.6
26.7070 1133.9
26.7240 1132.5
26.7410 1173.2
26.7580 1198.5
26.7750 1173.6
26.7920 1184.4
26.8090 1166.8
26.8260 1138.4
26.8430 1129.4
26.8600 1130.8
26.8770 1146.8
26.8940 1158.5
26.9110 1154.5
26.9280 1161.0
26.9450 1156.8
26.9620 1161.3
26.9790 1158.1
26.9960 1166.4
27.0130 1185.9
27.0300 1191.1
27.0470 1175.6
27.0640 1155.4
27.0810 1134.9
27.0980 1176.3
27.1150 1209.8
27.1320 1194.4
27.1490 1172.9
27.1660 1181.5
27.1830 1188.1
27.2000 1178.5
27.2170 1180.9
27.2340 1164.3
27.2510 1154.4
27.2680 1169.4
27.2850 1161.1
27.3020 1160.4
27.3190 1180.7
27.3360 1161.8
27.3530 1176.2
27.3700 1178.0
27.3870 1166.8
27.4040 1162.1
27.4210 1159.2
27.4380 1180.8
27.4550 1206.1
27.4720 1184.7
27.4890 1168.2
27.5060 1189.5
27.5230 1200.1
27.5400 1192.3
27.5570 1190.3
27.5740 1181.4
27.5910 1168.6
27.6080 1174.7
27.6250 1161.4
27.6420 1172.9
27.6590 1195.5
27.6760 1187.6
27.6930 1200.4
27.7100 1185.8
27.7270 1175.1
27.7440 1194.3
27.7610 1199.4
27.7780 1182.7
27.7950 1164.6
27.8120 1169.5
27.8290 1174.5
27.8460 1179.9
27.8630 1176.8
27.8800 1201.2
27.8970 1201.4
27.9140 1197.6
27.9310 1188.2
27.9480 1180.9
27.9650 1205.9
27.9820 1182.7
27.9990 1174.2
28.0160 1188.4
28.0330 1191.1
28.0500 1177.8
28.0670 1188.8
28.0840 1217.8
28.1010 1219.0
28.1180 1200.9
28.1350 1167.6
28.1520 1177.2
28.1690 1204.8
28.1860 1189.0
28.2030 1175.2
28.2200 1194.7
28.2370 1207.1
28.2540 1202.6
28.2710 1199.1
28.2880 1202.4
28.3050 1220.0
28.3220 1206.5
28.3390 1181.2
28.3560 1190.1
28.3730 1191.4
28.3900 1189.5
28.4070 1183.0
28.4240 1190.9
28.4410 1183.9
28.4580 1180.1
28.4750 1174.4
28.4920 1156.2
28.5090 1166.1
28.5260 1217.5
28.5430 1243.7
28.5600 1230.6
28.5770 1221.9
28.5940 1198.6
28.6110 1185.5
28.6280 1198.5
28.6450 1210.5
28.6620 1254.1
28.6790 1289.8
28.6960 1212.2
28.7130 1199.1
28.7300 1191.6
28.7470 1213.2
28.7640 1242.9
28.7810 1228.9
28.7980 1201.5
28.8150 1199.8
28.8320 1217.7
28.8490 1209.3
28.8660 1208.9
28.8830 1208.2
28.9000 1201.9
28.9170 1222.2
28.9340 1248.0
28.9510 1246.1
28.9680 1207.6
28.9850 1183.6
29.0020 1207.8
29.0190 1226.1
29.0360 1208.4
29.0530 1186.5
29.0700 1189.2
29.0870 1204.6
29.1040 1212.4
29.1210 1212.9
29.1380 1207.1
29.1550 1187.2
29.1720 1188.5
29.1890 1212.3
29.2060 1226.6
29.2230 1231.4
29.2400 1240.2
29.2570 1247.4
29.2740 1241.0
29.2910 1234.2
29.3080 1239.8
29.3250 1213.6
29.3420 1209.2
29.3590 1216.4
29.3760 1219.8
29.3930 1219.8
29.4100 1213.8
29.4270 1217.1
29.4440 1221.9
29.4610 1233.6
29.4780 1208.3
29.4950 1207.3
29.5120 1236.6
29.5290 1240.5
29.5460 1235.6
29.5630 1208.7
29.5800 1219.4
29.5970 1211.8
29.6140 1203.2
29.6310 1230.2
29.6480 1273.7
29.6650 1284.4
29.6820 1243.2
29.6990 1257.1
29.7160 1223.8
29.7330 1198.8
29.7500 1241.9
29.7670 1239.5
29.7840 1247.8
29.8010 1260.1
29.8180 1228.5
29.8350 1225.3
29.8520 1234.5
29.8690 1261.2
29.8860 1280.9
29.9030 1242.1
29.9200 1202.5
29.9370 1208.9
29.9540 1226.3
29.9710 1238.4
29.9880 1266.3
30.0050 1283.6
30.0220 1259.8
30.0390 1239.4
30.0560 1247.3
30.0730 1257.1
30.0900 1242.6
30.1070 1240.6
30.1240 1239.8
30.1410 1220.2
30.1580 1234.2
30.1750 1258.1
30.1920 1246.6
30.2090 1226.8
30.2260 1232.5
30.2430 1232.4
30.2600 1232.9
30.2770 1242.1
30.2940 1236.2
30.3110 1239.6
30.3280 1247.4
30.3450 1269.0
30.3620 1270.5
30.3790 1242.8
30.3960 1229.1
30.4130 1221.5
30.4300 1228.8
30.4470 1221.2
30.4640 1240.7
30.4810 1254.1
30.4980 1260.5
30.5150 1290.7
30.5320 1254.3
30.5490 1234.5
30.5660 1267.7
30.5830 1272.1
30.6000 1263.2
30.6170 1221.3
30.6340 1214.6
30.6510 1218.4
30.6680 1236.1
30.6850 1266.6
30.7020 1243.6
30.7190 1228.6
30.7360 1224.6
30.7530 1250.9
30.7700 1248.6
30.7870 1216.8
30.8040 1234.1
30.8210 1250.3
30.8380 1264.9
30.8550 1272.0
30.8720 1258.7
30.8890 1265.9
30.9060 1272.3
30.9230 1247.9
30.9400 1225.9
30.9570 1214.6
30.9740 1221.5
30.9910 1244.5
31.0080 1265.1
31.0250 1253.6
31.0420 1246.3
31.0590 1247.3
31.0760 1246.9
31.0930 1273.8
31.1100 1318.1
31.1270 1322.5
31.1440 1276.6
31.1610 1245.3
31.1780 1240.0
31.1950 1237.5
31.2120 1242.2
31.2290 1250.7
31.2460 1243.1
31.2630 1246.0
31.2800 1256.8
31.2970 1252.6
31.3140 1251.6
31.3310 1258.9
31.3480 1266.7
31.3650 1279.1
31.3820 1276.2
31.3990 1291.6
31.4160 1278.9
31.4330 1255.2
31.4500 1289.9
31.4670 1299.8
31.4840 1306.4
31.5010 1293.3
31.5180 1247.5
31.5350 1206.1
31.5520 1235.4
31.5690 1279.6
31.5860 1271.3
31.6030 1252.6
31.6200 1262.0
31.6370 1282.6
31.6540 1306.2
31.6710 1293.5
31.6880 1275.9
31.7050 1268.6
31.7220 1292.9
31.7390 1282.8
31.7560 1272.4
31.7730 1268.5
31.7900 1209.1
31.8070 1229.8
31.8240 1257.2
31.8410 1250.4
31.8580 1237.1
31.8750 1264.0
31.8920 1275.8
31.9090 1266.5
31.9260 1263.0
31.9430 1249.3
31.9600 1244.4
31.9770 1259.4
31.9940 1291.5
32.0110 1289.1
32.0280 1254.6
32.0450 1245.6
32.0620 1245.5
32.0790 1240.8
32.0960 1237.4
32.1130 1230.5
32.1300 1247.9
32.1470 1281.2
32.1640 1284.9
32.1810 1286.2
32.1980 1279.6
32.2150 1282.8
32.2320 1283.2
32.2490 1272.1
32.2660 1269.9
32.2830 1273.8
32.3000 1269.4
32.3170 1294.9
32.3340 1281.8
32.3510 1273.6
32.3680 1283.2
32.3850 1259.1
32.4020 1286.8
32.4190 1287.9
32.4360 1258.6
32.4530 1279.6
32.4700 1279.5
32.4870 1299.1
32.5040 1312.6
32.5210 1276.4
32.5380 1250.8
32.5550 1247.2
32.5720 1277.2
32.5890 1271.7
32.6060 1268.0
32.6230 1275.8
32.6400 1275.7
32.6570 1305.4
32.6740 1304.4
32.6910 1320.6
32.7080 1310.7
32.7250 1334.2
32.7420 1336.9
32.7590 1302.6
32.7760 1288.9
32.7930 1290.4
32.8100 1260.5
32.8270 1256.2
32.8440 1267.2
32.8610 1285.8
32.8780 1260.4
32.8950 1248.1
32.9120 1264.6
32.9290 1300.2
32.9460 1310.6
32.9630 1296.9
32.9800 1269.9
32.9970 1281.3
33.0140 1305.2
33.0310 1296.6
33.0480 1276.9
33.0650 1266.5
33.0820 1276.2
33.0990 1289.9
33.1160 1299.5
33.1330 1308.8
33.1500 1309.2
33.1670 1293.1
33.1840 1295.9
33.2010 1304.6
33.2180 1309.4
33.2350 1318.4
33.2520 1288.3
33.2690 1275.4
33.2860 1302.1
33.3030 1313.4
33.3200 1304.8
33.3370 1290.2
33.3540 1275.0
33.3710 1283.1
33.3880 1309.8
33.4050 1304.4
33.4220 1307.4
33.4390 1310.2
33.4560 1301.8
33.4730 1310.9
33.4900 1288.1
33.5070 1290.5
33.5240 1286.0
33.5410 1290.5
33.5580 1310.8
33.5750 1267.9
33.5920 1312.7
33.6090 1321.9
33.6260 1306.4
33.6430 1316.2
33.6600 1308.0
33.6770 1303.8
33.6940 1294.7
33.7110 1266.7
33.7280 1285.5
33.7450 1307.5
33.7620 1310.8
33.7790 1325.0
33.7960 1318.2
33.8130 1341.9
33.8300 1328.4
33.8470 1294.1
33.8640 1296.9
33.8810 1328.7
33.8980 1342.5
33.9150 1307.1
33.9320 1285.4
33.9490 1302.9
33.9660 1323.2
33.9830 1324.2
34.0000 1309.7
34.0170 1317.8
34.0340 1346.3
34.0510 1350.3
34.0680 1332.5
34.0850 1320.8
34.1020 1296.6
34.1190 1289.3
34.1360 1314.7
34.1530 1330.0
34.1700 1320.1
34.1870 1321.6
34.2040 1340.3
34.2210 1335.8
34.2380 1323.4
34.2550 1300.3
34.2720 1296.6
34.2890 1303.5
34.3060 1313.7
34.3230 1339.2
34.3400 1363.1
34.3570 1356.4
34.3740 1335.2
34.3910 1301.5
34.4080 1290.6
34.4250 1308.4
34.4420 1322.2
34.4590 1290.6
34.4760 1332.9
34.4930 1363.1
34.5100 1330.8
34.5270 1303.8
34.5440 1315.4
34.5610 1329.6
34.5780 1315.4
34.5950 1360.5
34.6120 1338.5
34.6290 1322.7
34.6460 1338.8
34.6630 1333.8
34.6800 1321.3
34.6970 1315.2
34.7140 1320.6
34.7310 1330.4
34.7480 1312.5
34.7650 1307.4
34.7820 1338.0
34.7990 1341.7
34.8160 1344.9
34.8330 1321.0
34.8500 1292.6
34.8670 1306.1
34.8840 1322.8
34.9010 1322.4
34.9180 1325.8
34.9350 1338.5
34.9520 1339.2
34.9690 1328.5
34.9860 1329.5
35.0030 1333.1
35.0200 1314.2
35.0370 1291.4
35.0540 1298.9
35.0710 1319.2
35.0880 1329.6
35.1050 1341.5
35.1220 1343.1
35.1390 1338.4
35.1560 1345.7
35.1730 1333.1
35.1900 1340.1
35.2070 1351.8
35.2240 1374.8
35.2410 1393.1
35.2580 1378.7
35.2750 1362.8
35.2920 1350.7
35.3090 1325.3
35.3260 1316.2
35.3430 1313.5
35.3600 1305.6
35.3770 1321.7
35.3940 1311.8
35.4110 1307.3
35.4280 1318.0
35.4450 1327.6
35.4620 1354.8
35.4790 1349.9
35.4960 1369.5
35.5130 1378.2
35.5300 1393.8
35.5470 1367.3
35.5640 1346.9
35.5810 1375.4
35.5980 1389.1
35.6150 1335.4
35.6320 1317.7
35.6490 1339.0
35.6660 1326.4
35.6830 1360.9
35.7000 1383.1
35.7170 1366.0
35.7340 1354.5
35.7510 1347.5
35.7680 1353.2
35.7850 1339.9
35.8020 1333.7
35.8190 1339.3
35.8360 1370.1
35.8530 1379.0
35.8700 1361.9
35.8870 1377.9
35.9040 1381.0
35.9210 1358.1
35.9380 1359.8
35.9550 1387.4
35.9720 1409.6
35.9890 1390.9
36.0060 1377.5
36.0230 1378.1
36.0400 1366.2
36.0570 1367.8
36.0740 1379.0
36.0910 1351.3
36.1080 1335.5
36.1250 1353.5
36.1420 1358.4
36.1590 1347.8
36.1760 1335.6
36.1930 1343.2
36.2100 1344.3
36.2270 1322.4
36.2440 1337.3
36.2610 1365.8
36.2780 1349.6
36.2950 1361.2
36.3120 1372.4
36.3290 1345.9
36.3460 1365.2
36.3630 1370.1
36.3800 1340.6
36.3970 1338.8
36.4140 1354.0
36.4310 1358.2
36.4480 1359.1
36.4650 1377.4
36.4820 1387.9
36.4990 1446.8
36.5160 1474.4
36.5330 1406.5
36.5500 1396.1
36.5670 1398.8
36.5840 1420.1
36.6010 1379.1
36.6180 1357.1
36.6350 1369.5
36.6520 1365.3
36.6690 1319.0
36.6860 1318.6
36.7030 1352.8
36.7200 1348.4
36.7370 1352.4
36.7540 1365.6
36.7710 1374.5
36.7880 1326.2
36.8050 1334.6
36.8220 1364.6
36.8390 1347.4
36.8560 1361.2
36.8730 1371.4
36.8900 1357.4
36.9070 1366.5
36.9240 1392.9
36.9410 1387.6
36.9580 1355.9
36.9750 1360.7
36.9920 1391.2
37.0090 1407.2
37.0260 1377.2
37.0430 1350.1
37.0600 1372.5
37.0770 1392.7
37.0940 1381.0
37.1110 1373.5
37.1280 1379.5
37.1450 1394.5
37.1620 1409.4
37.1790 1388.1
37.1960 1361.8
37.2130 1360.5
37.2300 1365.2
37.2470 1375.8
37.2640 1361.6
37.2810 1348.1
37.2980 1349.1
37.3150 1350.2
37.3320 1376.0
37.3490 1375.4
37.3660 1378.1
37.3830 1393.5
37.4000 1356.2
37.4170 1372.4
37.4340 1380.1
37.4510 1387.5
37.4680 1397.0
37.4850 1367.2
37.5020 1353.8
37.5190 1379.5
37.5360 1388.9
37.5530 1411.9
37.5700 1417.6
37.5870 1391.5
37.6040 1407.9
37.6210 1415.4
37.6380 1394.9
37.6550 1381.1
37.6720 1398.4
37.6890 1408.3
37.7060 1389.7
37.7230 1403.5
37.7400 1434.5
37.7570 1427.8
37.7740 1398.7
37.7910 1395.1
37.8080 1397.4
37.8250 1373.9
37.8420 1375.0
37.8590 1394.9
37.8760 1413.9
37.8930 1411.5
37.9100 1405.4
37.9270 1420.5
37.9440 1419.2
37.9610 1394.8
37.9780 1380.5
37.9950 1396.1
38.0120 1398.7
38.0290 1378.2
38.0460 1365.1
38.0630 1369.5
38.0800 1402.9
38.0970 1417.1
38.1140 1398.1
38.1310 1400.5
38.1480 1405.8
38.1650 1408.4
38.1820 1422.0
38.1990 1416.5
38.2160 1409.8
38.2330 1393.1
38.2500 1403.0
38.2670 1385.4
38.2840 1365.8
38.3010 1396.5
38.3180 1409.1
38.3350 1415.0
38.3520 1393.1
38.3690 1372.3
38.3860 1359.6
38.4030 1377.8
38.4200 1427.2
38.4370 1420.5
38.4540 1414.6
38.4710 1430.4
38.4880 1411.4
38.5050 1416.1
38.5220 1415.0
38.5390 1426.4
38.5560 1424.5
38.5730 1408.1
38.5900 1425.5
38.6070 1383.2
38.6240 1392.3
38.6410 1405.1
38.6580 1386.4
38.6750 1411.2
38.6920 1438.5
38.7090 1426.1
38.7260 1425.4
38.7430 1401.2
38.7600 1382.1
38.7770 1392.0
38.7940 1418.9
38.8110 1432.3
38.8280 1407.5
38.8450 1399.4
38.8620 1417.3
38.8790 1429.5
38.8960 1423.9
38.9130 1427.2
38.9300 1442.6
38.9470 1463.9
38.9640 1479.4
38.9810 1467.5
38.9980 1435.1
39.0150 1412.9
39.0320 1427.0
39.0490 1442.4
39.0660 1441.8
39.0830 1415.6
39.1000 1397.5
39.1170 1414.2
39.1340 1446.2
39.1510 1460.1
39.1680 1465.8
39.1850 1470.8
39.2020 1442.9
39.2190 1416.8
39.2360 1395.1
39.2530 1395.5
39.2700 1407.4
39.2870 1426.9
39.3040 1427.1
39.3210 1395.6
39.3380 1423.7
39.3550 1477.4
39.3720 1452.4
39.3890 1432.8
39.4060 1434.1
39.4230 1428.5
39.4400 1438.5
39.4570 1396.5
39.4740 1401.3
39.4910 1443.1
39.5080 1442.7
39.5250 1427.8
39.5420 1410.9
39.5590 1417.7
39.5760 1410.4
39.5930 1418.5
39.6100 1414.2
39.6270 1432.8
39.6440 1446.2
39.6610 1434.1
39.6780 1440.4
39.6950 1418.6
39.7120 1415.0
39.7290 1424.3
39.7460 1420.5
39.7630 1443.6
39.7800 1455.5
39.7970 1459.0
39.8140 1455.7
39.8310 1442.8
39.8480 1435.1
39.8650 1448.4
39.8820 1447.5
39.8990 1427.7
39.9160 1437.0
39.9330 1457.4
39.9500 1446.1
39.9670 1431.1
39.9840 1434.8
40.0010 1438.5
40.0180 1432.1
40.0350 1407.3
40.0520 1392.0
40.0690 1401.9
40.0860 1433.3
40.1030 1471.6
40.1200 1466.3
40.1370 1400.1
40.1540 1374.1
40.1710 1405.8
40.1880 1423.9
40.2050 1450.4
40.2220 1475.0
40.2390 1471.0
40.2560 1449.4
40.2730 1437.9
40.2900 1430.8
40.3070 1456.7
40.3240 1480.8
40.3410 1478.6
40.3580 1468.5
40.3750 1435.2
40.3920 1421.8
40.4090 1455.8
40.4260 1465.4
40.4430 1451.8
40.4600 1454.9
40.4770 1469.4
40.4940 1450.4
40.5110 1412.5
40.5280 1446.6
40.5450 1478.6
40.5620 1439.2
40.5790 1417.8
40.5960 1443.5
40.6130 1456.9
40.6300 1453.4
40.6470 1440.8
40.6640 1452.6
40.6810 1426.5
40.6980 1445.9
40.7150 1453.7
40.7320 1440.1
40.7490 1424.5
40.7660 1448.0
40.7830 1458.0
40.8000 1462.9
40.8170 1463.8
40.8340 1464.5
40.8510 1471.0
40.8680 1457.7
40.8850 1463.7
40.9020 1462.1
40.9190 1432.2
40.9360 1432.6
40.9530 1445.0
40.9700 1448.7
40.9870 1454.0
41.0040 1445.8
41.0210 1436.5
41.0380 1433.4
41.0550 1423.2
41.0720 1437.2
41.0890 1479.6
41.1060 1501.2
41.1230 1494.1
41.1400 1494.2
41.1570 1489.7
41.1740 1490.1
41.1910 1469.8
41.2080 1453.9
41.2250 1469.5
41.2420 1475.3
41.2590 1483.5
41.2760 1505.5
41.2930 1467.6
41.3100 1427.9
41.3270 1429.4
41.3440 1473.9
41.3610 1520.8
41.3780 1506.9
41.3950 1442.5
41.4120 1426.7
41.4290 1509.9
41.4460 1545.6
41.4630 1484.4
41.4800 1494.0
41.4970 1453.2
41.5140 1453.6
41.5310 1462.6
41.5480 1495.9
41.5650 1509.8
41.5820 1456.3
41.5990 1442.4
41.6160 1490.3
41.6330 1499.8
41.6500 1487.1
41.6670 1469.5
41.6840 1437.9
41.7010 1471.5
41.7180 1502.8
41.7350 1504.5
41.7520 1491.8
41.7690 1510.7
41.7860 1525.3
41.8030 1511.2
41.8200 1514.2
41.8370 1518.5
41.8540 1515.0
41.8710 1505.4
41.8880 1512.6
41.9050 1517.9
41.9220 1508.7
41.9390 1506.1
41.9560 1504.9
41.9730 1503.9
41.9900 1508.1
42.0070 1506.9
42.0240 1519.6
42.0410 1536.1
42.0580 1525.5
42.0750 1510.6
42.0920 1521.8
42.1090 1517.9
42.1260 1515.8
42.1430 1526.9
42.1600 1530.3
42.1770 1511.3
42.1940 1511.8
42.2110 1517.5
42.2280 1528.8
42.2450 1541.8
42.2620 1529.6
42.2790 1529.8
42.2960 1540.9
42.3130 1553.8
42.3300 1547.1
42.3470 1537.9
42.3640 1523.5
42.3810 1517.3
42.3980 1522.9
42.4150 1533.5
42.4320 1555.5
42.4490 1540.6
42.4660 1553.7
42.4830 1548.0
42.5000 1501.1
42.5170 1514.5
42.5340 1551.1
42.5510 1534.4
42.5680 1568.9
42.5850 1593.1
42.6020 1593.8
42.6190 1619.9
42.6360 1592.4
42.6530 1546.3
42.6700 1540.3
42.6870 1525.8
42.7040 1528.6
42.7210 1538.8
42.7380 1547.9
42.7550 1541.7
42.7720 1534.9
42.7890 1551.8
42.8060 1593.2
42.8230 1613.6
42.8400 1605.3
42.8570 1577.2
42.8740 1557.4
42.8910 1569.0
42.9080 1606.7
42.9250 1627.9
42.9420 1624.1
42.9590 1674.4
42.9760 1782.8
42.9930 1845.5
43.0100 1844.6
43.0270 1870.6
43.0440 1972.4
43.0610 2066.1
43.0780 2128.2
43.0950 2173.3
43.1120 2220.8
43.1290 2377.1
43.1460 2674.4
43.1630 3168.9
43.1800 4025.7
43.1970 5575.3
43.2140 8274.6
43.2310 12563.4
43.2480 17686.5
43.2650 20925.3
43.2820 20563.2
43.2990 17869.9
43.3160 14559.9
43.3330 11772.6
43.3500 9708.1
43.3670 7619.9
43.3840 5667.9
43.4010 4171.2
43.4180 3302.6
43.4350 2750.3
43.4520 2475.4
43.4690 2177.2
43.4860 1972.2
43.5030 1797.0
43.5200 1706.2
43.5370 1734.4
43.5540 1705.1
43.5710 1726.0
43.5880 1774.4
43.6050 1786.4
43.6220 1808.2
43.6390 1769.2
43.6560 1719.2
43.6730 1699.3
43.6900 1642.1
43.7070 1624.6
43.7240 1628.5
43.7410 1630.1
43.7580 1610.2
43.7750 1603.5
43.7920 1619.6
43.8090 1610.4
43.8260 1599.6
43.8430 1603.6
43.8600 1607.2
43.8770 1605.7
43.8940 1583.7
43.9110 1556.9
43.9280 1567.6
43.9450 1579.2
43.9620 1580.8
43.9790 1590.4
43.9960 1556.2
44.0130 1541.9
44.0300 1545.8
44.0470 1529.4
44.0640 1562.2
44.0810 1579.5
44.0980 1575.1
44.1150 1597.8
44.1320 1588.1
44.1490 1530.7
44.1660 1538.8
44.1830 1553.3
44.2000 1558.7
44.2170 1578.9
44.2340 1579.0
44.2510 1550.9
44.2680 1558.8
44.2850 1594.2
44.3020 1566.1
44.3190 1550.8
44.3360 1559.3
44.3530 1569.1
44.3700 1573.9
44.3870 1566.7
44.4040 1548.5
44.4210 1532.5
44.4380 1532.4
44.4550 1582.1
44.4720 1536.8
44.4890 1541.2
44.5060 1561.1
44.5230 1561.4
44.5400 1543.9
44.5570 1527.9
44.5740 1509.4
44.5910 1550.2
44.6080 1567.1
44.6250 1547.5
44.6420 1536.2
44.6590 1520.5
44.6760 1515.6
44.6930 1530.8
44.7100 1561.8
44.7270 1573.0
44.7440 1549.8
44.7610 1537.6
44.7780 1553.6
44.7950 1559.7
44.8120 1557.9
44.8290 1556.2
44.8460 1540.6
44.8630 1543.2
44.8800 1557.9
44.8970 1558.2
44.9140 1581.4
44.9310 1574.4
44.9480 1527.6
44.9650 1527.3
44.9820 1543.2
44.9990 1553.2
45.0160 1571.6
45.0330 1566.6
45.0500 1531.2
45.0670 1524.0
45.0840 1551.4
45.1010 1574.4
45.1180 1585.4
45.1350 1563.2
45.1520 1565.2
45.1690 1588.6
45.1860 1581.4
45.2030 1616.2
45.2200 1634.1
45.2370 1634.5
45.2540 1693.1
45.2710 1656.4
45.2880 1612.8
45.3050 1637.8
45.3220 1629.1
45.3390 1552.5
45.3560 1556.7
45.3730 1577.9
45.3900 1562.5
45.4070 1560.5
45.4240 1556.0
45.4410 1543.3
45.4580 1557.7
45.4750 1559.1
45.4920 1575.4
45.5090 1556.1
45.5260 1565.1
45.5430 1583.2
45.5600 1550.9
45.5770 1528.0
45.5940 1532.0
45.6110 1538.8
45.6280 1511.4
45.6450 1521.6
45.6620 1557.3
45.6790 1559.1
45.6960 1569.0
45.7130 1592.7
45.7300 1596.4
45.7470 1576.3
45.7640 1539.1
45.7810 1518.3
45.7980 1520.8
45.8150 1529.1
45.8320 1525.0
45.8490 1526.2
45.8660 1532.5
45.8830 1531.2
45.9000 1515.1
45.9170 1519.1
45.9340 1542.4
45.9510 1543.1
45.9680 1524.5
45.9850 1527.9
46.0020 1548.6
46.0190 1543.6
46.0360 1527.9
46.0530 1532.5
46.0700 1521.6
46.0870 1525.0
46.1040 1544.2
46.1210 1537.2
46.1380 1538.5
46.1550 1563.9
46.1720 1576.1
46.1890 1560.4
46.2060 1548.4
46.2230 1520.2
46.2400 1504.5
46.2570 1523.7
46.2740 1536.5
46.2910 1548.8
46.3080 1515.9
46.3250 1567.0
46.3420 1546.6
46.3590 1500.5
46.3760 1519.1
46.3930 1517.9
46.4100 1529.7
46.4270 1548.0
46.4440 1531.0
46.4610 1523.9
46.4780 1529.2
46.4950 1536.4
46.5120 1546.9
46.5290 1544.0
46.5460 1535.2
46.5630 1551.4
46.5800 1573.6
46.5970 1557.5
46.6140 1508.4
46.6310 1502.8
46.6480 1545.9
46.6650 1537.8
46.6820 1526.3
46.6990 1545.9
46.7160 1536.9
46.7330 1516.5
46.7500 1527.0
46.7670 1535.4
46.7840 1537.1
46.8010 1553.3
46.8180 1557.3
46.8350 1525.1
46.8520 1525.3
46.8690 1578.5
46.8860 1585.6
46.9030 1548.9
46.9200 1529.0
46.9370 1514.9
46.9540 1504.9
46.9710 1519.6
46.9880 1558.1
47.0050 1547.1
47.0220 1532.8
47.0390 1565.5
47.0560 1545.2
47.0730 1502.1
47.0900 1516.0
47.1070 1544.4
47.1240 1540.8
47.1410 1537.4
47.1580 1529.6
47.1750 1523.6
47.1920 1540.0
47.2090 1565.8
47.2260 1581.0
47.2430 1593.1
47.2600 1563.1
47.2770 1537.4
47.2940 1543.3
47.3110 1527.4
47.3280 1533.2
47.3450 1478.5
47.3620 1480.4
47.3790 1540.1
47.3960 1539.4
47.4130 1520.4
47.4300 1520.6
47.4470 1531.1
47.4640 1542.9
47.4810 1550.2
47.4980 1552.1
47.5150 1521.0
47.5320 1507.7
47.5490 1517.0
47.5660 1530.0
47.5830 1530.7
47.6000 1548.5
47.6170 1542.9
47.6340 1523.8
47.6510 1537.6
47.6680 1563.4
47.6850 1539.6
47.7020 1526.4
47.7190 1531.6
47.7360 1507.9
47.7530 1490.4
47.7700 1511.2
47.7870 1522.2
47.8040 1526.2
47.8210 1555.4
47.8380 1548.7
47.8550 1507.1
47.8720 1486.7
47.8890 1508.1
47.9060 1534.7
47.9230 1540.4
47.9400 1529.9
47.9570 1513.6
47.9740 1524.5
47.9910 1526.2
48.0080 1519.4
48.0250 1512.8
48.0420 1475.2
48.0590 1502.9
48.0760 1539.6
48.0930 1531.6
48.1100 1537.1
48.1270 1532.4
48.1440 1507.8
48.1610 1519.5
48.1780 1504.4
48.1950 1496.6
48.2120 1505.9
48.2290 1543.6
48.2460 1556.0
48.2630 1549.3
48.2800 1525.6
48.2970 1486.2
48.3140 1499.9
48.3310 1540.5
48.3480 1538.6
48.3650 1499.1
48.3820 1508.0
48.3990 1489.4
48.4160 1519.4
48.4330 1562.3
48.4500 1520.1
48.4670 1520.3
48.4840 1568.2
48.5010 1567.2
48.5180 1545.2
48.5350 1559.4
48.5520 1581.4
48.5690 1575.2
48.5860 1555.1
48.6030 1617.6
48.6200 1661.4
48.6370 1617.7
48.6540 1575.9
48.6710 1587.0
48.6880 1590.4
48.7050 1583.9
48.7220 1588.4
48.7390 1591.5
48.7560 1595.8
48.7730 1594.9
48.7900 1580.9
48.8070 1576.9
48.8240 1608.4
48.8410 1606.8
48.8580 1564.3
48.8750 1557.2
48.8920 1583.0
48.9090 1595.6
48.9260 1576.8
48.9430 1567.5
48.9600 1595.7
48.9770 1657.4
48.9940 1657.5
49.0110 1605.2
49.0280 1606.6
49.0450 1621.6
49.0620 1700.4
49.0790 1724.6
49.0960 1616.4
49.1130 1581.5
49.1300 1590.9
49.1470 1599.5
49.1640 1620.0
49.1810 1627.2
49.1980 1611.9
49.2150 1617.2
49.2320 1623.5
49.2490 1639.5
49.2660 1620.1
49.2830 1609.6
49.3000 1647.2
49.3170 1610.4
49.3340 1651.4
49.3510 1692.2
49.3680 1618.1
49.3850 1620.6
49.4020 1647.3
49.4190 1648.5
49.4360 1605.5
49.4530 1616.7
49.4700 1638.8
49.4870 1634.0
49.5040 1660.6
49.5210 1660.9
49.5380 1638.5
49.5550 1619.6
49.5720 1621.1
49.5890 1634.4
49.6060 1670.0
49.6230 1698.6
49.6400 1655.2
49.6570 1651.8
49.6740 1706.8
49.6910 1723.3
49.7080 1666.1
49.7250 1659.7
49.7420 1680.4
49.7590 1668.2
49.7760 1633.8
49.7930 1634.1
49.8100 1656.5
49.8270 1667.1
49.8440 1653.1
49.8610 1650.5
49.8780 1686.4
49.8950 1703.3
49.9120 1678.9
49.9290 1672.2
49.9460 1716.4
49.9630 1736.1
49.9800 1679.6
49.9970 1711.0
50.0140 1811.9
50.0310 1877.0
50.0480 1927.6
50.0650 2024.1
50.0820 2148.4
50.0990 2247.1
50.1160 2409.1
50.1330 2526.5
50.1500 2619.5
50.1670 2817.1
50.1840 2934.5
50.2010 2988.1
50.2180 3083.0
50.2350 3278.1
50.2520 3712.3
50.2690 4376.1
50.2860 5518.8
50.3030 7899.6
50.3200 12466.4
50.3370 20147.1
50.3540 31434.3
50.3710 44811.7
50.3880 55227.2
50.4050 58012.0
50.4220 53372.9
50.4390 44743.2
50.4560 35180.5
50.4730 26534.1
50.4900 18962.6
50.5070 12626.8
50.5240 8495.0
50.5410 5920.6
50.5580 4507.2
50.5750 3961.4
50.5920 3601.5
50.6090 3311.4
50.6260 3206.7
50.6430 3001.5
50.6600 2725.6
50.6770 2557.2
50.6940 2386.6
50.7110 2112.4
50.7280 1945.9
50.7450 1900.1
50.7620 1795.2
50.7790 1748.4
50.7960 1762.9
50.8130 1723.9
50.8300 1738.5
50.8470 1810.5
50.8640 1829.2
50.8810 1830.8
50.8980 1857.6
50.9150 1810.3
50.9320 1746.4
50.9490 1772.9
50.9660 1727.9
50.9830 1669.1
51.0000 1671.6
51.0170 1672.4
51.0340 1669.1
51.0510 1681.2
51.0680 1687.0
51.0850 1694.5
51.1020 1709.1
51.1190 1718.5
51.1360 1698.7
51.1530 1653.8
51.1700 1602.2
51.1870 1635.9
51.2040 1639.3
51.2210 1624.9
51.2380 1605.0
51.2550 1592.9
51.2720 1640.6
51.2890 1703.5
51.3060 1669.4
51.3230 1642.1
51.3400 1628.5
51.3570 1598.8
51.3740 1585.1
51.3910 1592.0
51.4080 1611.6
51.4250 1611.0
51.4420 1602.8
51.4590 1605.0
51.4760 1627.1
51.4930 1618.9
51.5100 1614.5
51.5270 1621.5
51.5440 1614.2
51.5610 1619.3
51.5780 1600.8
51.5950 1592.3
51.6120 1606.2
51.6290 1605.0
51.6460 1591.0
51.6630 1563.2
51.6800 1563.1
51.6970 1574.9
51.7140 1579.3
51.7310 1586.2
51.7480 1561.8
51.7650 1550.4
51.7820 1581.2
51.7990 1617.4
51.8160 1625.1
51.8330 1604.5
51.8500 1584.7
51.8670 1580.1
51.8840 1566.8
51.9010 1560.6
51.9180 1552.5
51.9350 1562.6
51.9520 1571.2
51.9690 1563.8
51.9860 1564.9
52.0030 1568.3
52.0200 1555.9
52.0370 1575.6
52.0540 1578.6
52.0710 1563.8
52.0880 1559.8
52.1050 1543.6
52.1220 1584.1
52.1390 1590.2
52.1560 1558.3
52.1730 1552.2
52.1900 1550.2
52.2070 1561.4
52.2240 1585.2
52.2410 1582.9
52.2580 1556.3
52.2750 1542.6
52.2920 1568.5
52.3090 1577.7
52.3260 1550.0
52.3430 1551.4
52.3600 1560.4
52.3770 1575.8
52.3940 1554.8
52.4110 1560.9
52.4280 1570.5
52.4450 1564.9
52.4620 1579.2
52.4790 1591.2
52.4960 1561.2
52.5130 1563.5
52.5300 1540.5
52.5470 1531.9
52.5640 1547.2
52.5810 1566.4
52.5980 1566.3
52.6150 1551.0
52.6320 1551.4
52.6490 1553.2
52.6660 1575.2
52.6830 1598.6
52.7000 1569.2
52.7170 1514.9
52.7340 1496.8
52.7510 1539.8
52.7680 1574.3
52.7850 1574.1
52.8020 1561.6
52.8190 1560.2
52.8360 1573.1
52.8530 1571.2
52.8700 1546.4
52.8870 1538.9
52.9040 1553.1
52.9210 1551.9
52.9380 1554.8
52.9550 1547.6
52.9720 1541.6
52.9890 1537.8
53.0060 1521.2
53.0230 1508.8
53.0400 1497.9
53.0570 1529.5
53.0740 1565.8
53.0910 1536.5
53.1080 1548.4
53.1250 1565.4
53.1420 1578.2
53.1590 1531.5
53.1760 1508.2
53.1930 1519.2
53.2100 1517.9
53.2270 1525.4
53.2440 1508.2
53.2610 1513.9
53.2780 1555.3
53.2950 1550.4
53.3120 1523.2
53.3290 1532.2
53.3460 1521.4
53.3630 1521.3
53.3800 1501.5
53.3970 1492.1
53.4140 1516.4
53.4310 1557.4
53.4480 1535.4
53.4650 1505.9
53.4820 1516.2
53.4990 1523.4
53.5160 1523.9
53.5330 1523.5
53.5500 1518.2
53.5670 1520.4
53.5840 1521.8
53.6010 1538.2
53.6180 1555.1
53.6350 1537.3
53.6520 1524.1
53.6690 1549.2
53.6860 1578.5
53.7030 1562.2
53.7200 1558.0
53.7370 1586.2
53.7540 1584.4
53.7710 1560.9
53.7880 1571.9
53.8050 1572.1
53.8220 1528.5
53.8390 1517.1
53.8560 1515.5
53.8730 1515.2
53.8900 1521.9
53.9070 1515.7
53.9240 1533.2
53.9410 1575.7
53.9580 1570.8
53.9750 1544.1
53.9920 1540.4
54.0090 1537.2
54.0260 1530.4
54.0430 1501.4
54.0600 1500.6
54.0770 1527.8
54.0940 1565.5
54.1110 1569.2
54.1280 1552.1
54.1450 1543.7
54.1620 1520.9
54.1790 1538.0
54.1960 1531.0
54.2130 1527.2
54.2300 1512.5
54.2470 1519.4
54.2640 1569.2
54.2810 1530.4
54.2980 1508.3
54.3150 1507.5
54.3320 1497.4
54.3490 1513.2
54.3660 1500.1
54.3830 1523.5
54.4000 1537.7
54.4170 1553.5
54.4340 1537.9
54.4510 1534.2
54.4680 1532.2
54.4850 1529.8
54.5020 1538.7
54.5190 1561.4
54.5360 1544.0
54.5530 1527.9
54.5700 1562.0
54.5870 1555.4
54.6040 1551.4
54.6210 1547.5
54.6380 1515.4
54.6550 1495.9
54.6720 1515.6
54.6890 1537.6
54.7060 1538.2
54.7230 1556.9
54.7400 1576.9
54.7570 1559.5
54.7740 1543.4
54.7910 1550.2
54.8080 1566.4
54.8250 1579.5
54.8420 1564.9
54.8590 1552.6
54.8760 1567.9
54.8930 1555.0
54.9100 1550.4
54.9270 1565.4
54.9440 1563.6
54.9610 1556.7
54.9780 1569.9
54.9950 1563.7
55.0120 1538.4
55.0290 1526.7
55.0460 1536.4
55.0630 1512.8
55.0800 1539.0
55.0970 1566.6
55.1140 1546.5
55.1310 1545.5
55.1480 1530.9
55.1650 1529.7
55.1820 1541.1
55.1990 1503.3
55.2160 1522.3
55.2330 1531.9
55.2500 1512.5
55.2670 1524.5
55.2840 1501.4
55.3010 1494.5
55.3180 1521.1
55.3350 1530.1
55.3520 1521.5
55.3690 1532.5
55.3860 1503.8
55.4030 1535.6
55.4200 1565.0
55.4370 1541.9
55.4540 1503.2
55.4710 1496.6
55.4880 1515.1
55.5050 1547.5
55.5220 1549.1
55.5390 1531.6
55.5560 1531.0
55.5730 1526.9
55.5900 1509.1
55.6070 1484.6
55.6240 1486.8
55.6410 1509.9
55.6580 1517.0
55.6750 1522.4
55.6920 1529.2
55.7090 1528.0
55.7260 1518.9
55.7430 1510.1
55.7600 1531.6
55.7770 1551.1
55.7940 1546.2
55.8110 1536.8
55.8280 1530.4
55.8450 1523.6
55.8620 1515.8
55.8790 1537.3
55.8960 1525.5
55.9130 1503.2
55.9300 1500.9
55.9470 1499.1
55.9640 1522.3
55.9810 1543.3
55.9980 1501.8
56.0150 1458.6
56.0320 1490.4
56.0490 1500.3
56.0660 1502.6
56.0830 1529.6
56.1000 1510.4
56.1170 1514.2
56.1340 1516.0
56.1510 1514.6
56.1680 1543.5
56.1850 1536.9
56.2020 1500.6
56.2190 1508.4
56.2360 1511.4
56.2530 1531.8
56.2700 1520.8
56.2870 1505.8
56.3040 1539.9
56.3210 1522.1
56.3380 1518.6
56.3550 1514.9
56.3720 1476.6
56.3890 1466.9
56.4060 1479.6
56.4230 1508.2
56.4400 1503.8
56.4570 1477.6
56.4740 1467.4
56.4910 1461.8
56.5080 1467.8
56.5250 1503.4
56.5420 1520.3
56.5590 1512.1
56.5760 1509.2
56.5930 1524.2
56.6100 1538.5
56.6270 1522.5
56.6440 1520.5
56.6610 1548.1
56.6780 1554.5
56.6950 1534.8
56.7120 1519.4
56.7290 1502.6
56.7460 1493.6
56.7630 1507.5
56.7800 1518.2
56.7970 1495.6
56.8140 1486.9
56.8310 1526.2
56.8480 1564.6
56.8650 1539.4
56.8820 1506.5
56.8990 1529.6
56.9160 1526.5
56.9330 1500.8
56.9500 1487.1
56.9670 1510.1
56.9840 1502.3
57.0010 1510.6
57.0180 1523.8
57.0350 1519.9
57.0520 1527.8
57.0690 1512.9
57.0860 1502.4
57.1030 1525.4
57.1200 1524.8
57.1370 1503.9
57.1540 1498.8
57.1710 1519.9
57.1880 1501.5
57.2050 1453.8
57.2220 1463.9
57.2390 1488.4
57.2560 1510.5
57.2730 1531.1
57.2900 1509.0
57.3070 1469.0
57.3240 1453.8
57.3410 1450.5
57.3580 1495.5
57.3750 1513.8
57.3920 1506.1
57.4090 1542.9
57.4260 1548.7
57.4430 1501.4
57.4600 1505.0
57.4770 1503.2
57.4940 1524.1
57.5110 1537.4
57.5280 1525.6
57.5450 1506.8
57.5620 1503.4
57.5790 1508.4
57.5960 1513.2
57.6130 1506.2
57.6300 1497.3
57.6470 1482.8
57.6640 1513.2
57.6810 1558.3
57.6980 1544.1
57.7150 1510.8
57.7320 1510.6
57.7490 1524.6
57.7660 1503.5
57.7830 1477.4
57.8000 1503.6
57.8170 1519.4
57.8340 1502.6
57.8510 1505.2
57.8680 1512.1
57.8850 1490.9
57.9020 1495.3
57.9190 1511.2
57.9360 1512.2
57.9530 1517.6
57.9700 1519.6
57.9870 1503.2
58.0040 1500.4
58.0210 1498.9
58.0380 1479.8
58.0550 1499.4
58.0720 1532.6
58.0890 1506.4
58.1060 1479.1
58.1230 1482.3
58.1400 1508.5
58.1570 1524.2
58.1740 1515.6
58.1910 1501.7
58.2080 1497.4
58.2250 1500.1
58.2420 1512.9
58.2590 1510.5
58.2760 1504.7
58.2930 1528.4
58.3100 1534.6
58.3270 1532.2
58.3440 1515.1
58.3610 1523.9
58.3780 1528.4
58.3950 1531.1
58.4120 1520.4
58.4290 1497.7
58.4460 1493.0
58.4630 1508.6
58.4800 1538.8
58.4970 1535.6
58.5140 1513.8
58.5310 1514.5
58.5480 1523.4
58.5650 1523.6
58.5820 1505.2
58.5990 1500.6
58.6160 1519.1
58.6330 1533.6
58.6500 1526.9
58.6670 1523.5
58.6840 1527.5
58.7010 1507.4
58.7180 1495.5
58.7350 1495.3
58.7520 1502.1
58.7690 1497.6
58.7860 1488.6
58.8030 1517.4
58.8200 1543.9
58.8370 1517.3
58.8540 1496.2
58.8710 1508.6
58.8880 1528.9
58.9050 1513.1
58.9220 1522.6
58.9390 1512.4
58.9560 1494.7
58.9730 1515.6
58.9900 1490.9
59.0070 1477.6
59.0240 1475.6
59.0410 1507.8
59.0580 1508.4
59.0750 1494.9
59.0920 1511.8
59.1090 1479.7
59.1260 1496.8
59.1430 1515.6
59.1600 1522.3
59.1770 1548.4
59.1940 1502.2
59.2110 1473.8
59.2280 1520.1
59.2450 1532.0
59.2620 1510.8
59.2790 1514.8
59.2960 1518.5
59.3130 1518.6
59.3300 1527.6
59.3470 1510.9
59.3640 1484.3
59.3810 1487.6
59.3980 1512.8
59.4150 1537.6
59.4320 1537.1
59.4490 1513.9
59.4660 1496.1
59.4830 1496.8
59.5000 1519.5
59.5170 1527.4
59.5340 1517.1
59.5510 1506.8
59.5680 1495.8
59.5850 1504.9
59.6020 1513.1
59.6190 1533.5
59.6360 1512.8
59.6530 1475.6
59.6700 1485.8
59.6870 1513.5
59.7040 1528.4
59.7210 1514.8
59.7380 1514.6
59.7550 1504.2
59.7720 1474.1
59.7890 1469.8
59.8060 1504.1
59.8230 1529.9
59.8400 1525.8
59.8570 1523.5
59.8740 1501.6
59.8910 1486.4
59.9080 1524.2
59.9250 1526.6
59.9420 1542.4
59.9590 1521.8
59.9760 1528.6
59.9930 1525.4
60.0100 1508.4
60.0270 1511.1
60.0440 1483.0
60.0610 1471.5
60.0780 1500.5
60.0950 1505.6
60.1120 1524.5
60.1290 1527.8
60.1460 1497.8
60.1630 1508.4
60.1800 1506.2
60.1970 1485.4
60.2140 1493.5
60.2310 1506.5
60.2480 1521.8
60.2650 1516.2
60.2820 1520.1
60.2990 1508.9
60.3160 1512.5
60.3330 1506.6
60.3500 1486.0
60.3670 1508.4
60.3840 1521.9
60.4010 1514.4
60.4180 1519.8
60.4350 1530.6
60.4520 1513.9
60.4690 1503.8
60.4860 1524.1
60.5030 1511.4
60.5200 1500.5
60.5370 1531.4
60.5540 1547.9
60.5710 1546.1
60.5880 1543.8
60.6050 1529.9
60.6220 1523.3
60.6390 1521.3
60.6560 1527.2
60.6730 1506.8
60.6900 1472.5
60.7070 1463.6
60.7240 1461.8
60.7410 1497.2
60.7580 1511.3
60.7750 1470.2
60.7920 1471.1
60.8090 1494.3
60.8260 1510.2
60.8430 1518.6
60.8600 1516.9
60.8770 1480.8
60.8940 1476.7
60.9110 1503.4
60.9280 1496.8
60.9450 1499.6
60.9620 1503.5
60.9790 1520.0
60.9960 1510.9
61.0130 1496.4
61.0300 1510.9
61.0470 1539.5
61.0640 1545.2
61.0810 1544.4
61.0980 1540.9
61.1150 1516.5
61.1320 1504.0
61.1490 1534.7
61.1660 1523.6
61.1830 1498.8
61.2000 1521.1
61.2170 1516.3
61.2340 1498.9
61.2510 1508.4
61.2680 1558.5
61.2850 1579.5
61.3020 1524.1
61.3190 1486.7
61.3360 1477.8
61.3530 1497.5
61.3700 1526.8
61.3870 1519.1
61.4040 1478.7
61.4210 1491.7
61.4380 1532.2
61.4550 1532.2
61.4720 1492.8
61.4890 1488.4
61.5060 1516.3
61.5230 1524.9
61.5400 1507.4
61.5570 1513.8
61.5740 1504.6
61.5910 1492.8
61.6080 1492.2
61.6250 1485.4
61.6420 1475.1
61.6590 1505.6
61.6760 1543.8
61.6930 1523.1
61.7100 1511.2
61.7270 1541.6
61.7440 1539.2
61.7610 1531.6
61.7780 1548.5
61.7950 1524.4
61.8120 1515.2
61.8290 1534.1
61.8460 1528.6
61.8630 1530.3
61.8800 1522.4
61.8970 1522.3
61.9140 1505.4
61.9310 1511.6
61.9480 1524.4
61.9650 1538.2
61.9820 1516.6
61.9990 1473.0
62.0160 1482.3
62.0330 1481.4
62.0500 1513.5
62.0670 1513.9
62.0840 1517.4
62.1010 1550.9
62.1180 1525.2
62.1350 1483.0
62.1520 1504.6
62.1690 1513.4
62.1860 1457.5
62.2030 1504.9
62.2200 1521.3
62.2370 1505.5
62.2540 1504.2
62.2710 1473.9
62.2880 1456.9
62.3050 1459.2
62.3220 1463.2
62.3390 1467.6
62.3560 1505.6
62.3730 1523.5
62.3900 1509.2
62.4070 1501.7
62.4240 1509.9
62.4410 1519.8
62.4580 1509.5
62.4750 1468.6
62.4920 1470.6
62.5090 1503.4
62.5260 1497.4
62.5430 1491.3
62.5600 1498.1
62.5770 1495.2
62.5940 1489.1
62.6110 1500.6
62.6280 1513.8
62.6450 1518.3
62.6620 1511.9
62.6790 1486.9
62.6960 1487.2
62.7130 1504.8
62.7300 1503.0
62.7470 1511.6
62.7640 1528.1
62.7810 1523.3
62.7980 1511.7
62.8150 1517.4
62.8320 1512.6
62.8490 1498.8
62.8660 1500.3
62.8830 1504.3
62.9000 1481.2
62.9170 1494.7
62.9340 1529.2
62.9510 1532.5
62.9680 1513.9
62.9850 1472.6
63.0020 1468.3
63.0190 1469.3
63.0360 1488.7
63.0530 1525.2
63.0700 1536.1
63.0870 1529.2
63.1040 1494.0
63.1210 1493.9
63.1380 1493.6
63.1550 1491.9
63.1720 1512.8
63.1890 1495.4
63.2060 1499.5
63.2230 1486.8
63.2400 1447.4
63.2570 1468.7
63.2740 1486.4
63.2910 1512.6
63.3080 1517.6
63.3250 1509.9
63.3420 1513.6
63.3590 1507.6
63.3760 1518.9
63.3930 1536.9
63.4100 1513.7
63.4270 1494.5
63.4440 1502.4
63.4610 1516.0
63.4780 1489.5
63.4950 1472.2
63.5120 1493.4
63.5290 1515.1
63.5460 1513.2
63.5630 1501.2
63.5800 1506.6
63.5970 1511.9
63.6140 1496.9
63.6310 1489.4
63.6480 1514.3
63.6650 1533.2
63.6820 1519.6
63.6990 1526.8
63.7160 1528.6
63.7330 1488.2
63.7500 1478.2
63.7670 1496.2
63.7840 1504.6
63.8010 1506.1
63.8180 1509.4
63.8350 1496.0
63.8520 1487.1
63.8690 1510.4
63.8860 1523.9
63.9030 1511.1
63.9200 1505.9
63.9370 1524.4
63.9540 1519.4
63.9710 1522.6
63.9880 1507.9
64.0050 1472.4
64.0220 1435.4
64.0390 1476.8
64.0560 1532.8
64.0730 1539.9
64.0900 1540.6
64.1070 1522.0
64.1240 1499.3
64.1410 1518.2
64.1580 1536.4
64.1750 1548.5
64.1920 1502.5
64.2090 1520.3
64.2260 1544.4
64.2430 1512.1
64.2600 1519.5
64.2770 1526.5
64.2940 1524.5
64.3110 1524.1
64.3280 1523.1
64.3450 1551.9
64.3620 1535.3
64.3790 1522.9
64.3960 1513.0
64.4130 1499.6
64.4300 1518.5
64.4470 1521.7
64.4640 1509.5
64.4810 1520.4
64.4980 1535.9
64.5150 1539.3
64.5320 1531.5
64.5490 1534.6
64.5660 1530.4
64.5830 1513.1
64.6000 1525.5
64.6170 1536.1
64.6340 1522.9
64.6510 1514.9
64.6680 1515.0
64.6850 1511.2
64.7020 1522.5
64.7190 1526.8
64.7360 1514.4
64.7530 1504.9
64.7700 1514.9
64.7870 1500.8
64.8040 1490.6
64.8210 1505.4
64.8380 1508.6
64.8550 1518.5
64.8720 1541.4
64.8890 1530.9
64.9060 1547.3
64.9230 1530.8
64.9400 1533.1
64.9570 1536.1
64.9740 1524.2
64.9910 1512.6
65.0080 1517.4
65.0250 1521.3
65.0420 1522.2
65.0590 1528.5
65.0760 1511.8
65.0930 1514.0
65.1100 1527.9
65.1270 1516.9
65.1440 1519.6
65.1610 1513.0
65.1780 1514.9
65.1950 1485.3
65.2120 1496.9
65.2290 1500.8
65.2460 1483.1
65.2630 1513.8
65.2800 1507.0
65.2970 1483.9
65.3140 1498.9
65.3310 1481.1
65.3480 1489.2
65.3650 1511.0
65.3820 1505.2
65.3990 1505.2
65.4160 1507.5
65.4330 1502.6
65.4500 1514.2
65.4670 1512.6
65.4840 1519.0
65.5010 1524.1
65.5180 1510.8
65.5350 1502.8
65.5520 1500.3
65.5690 1488.4
65.5860 1483.9
65.6030 1497.6
65.6200 1502.5
65.6370 1507.9
65.6540 1522.9
65.6710 1520.4
65.6880 1523.1
65.7050 1506.6
65.7220 1488.9
65.7390 1512.5
65.7560 1516.9
65.7730 1484.6
65.7900 1479.6
65.8070 1519.8
65.8240 1530.2
65.8410 1512.9
65.8580 1469.4
65.8750 1446.2
65.8920 1490.0
65.9090 1545.8
65.9260 1547.8
65.9430 1552.2
65.9600 1546.3
65.9770 1519.2
65.9940 1526.1
66.0110 1528.5
66.0280 1547.8
66.0450 1512.4
66.0620 1487.9
66.0790 1518.5
66.0960 1477.2
66.1130 1487.0
66.1300 1529.4
66.1470 1538.8
66.1640 1508.5
66.1810 1484.5
66.1980 1496.6
66.2150 1488.4
66.2320 1487.0
66.2490 1535.2
66.2660 1539.2
66.2830 1496.7
66.3000 1466.4
66.3170 1486.2
66.3340 1497.4
66.3510 1512.9
66.3680 1521.1
66.3850 1525.1
66.4020 1501.8
66.4190 1512.8
66.4360 1537.3
66.4530 1532.4
66.4700 1530.1
66.4870 1519.0
66.5040 1518.9
66.5210 1532.6
66.5380 1529.5
66.5550 1515.3
66.5720 1494.6
66.5890 1485.4
66.6060 1485.1
66.6230 1505.7
66.6400 1535.5
66.6570 1541.2
66.6740 1522.3
66.6910 1513.1
66.7080 1538.9
66.7250 1533.1
66.7420 1508.7
66.7590 1506.8
66.7760 1532.8
66.7930 1525.1
66.8100 1500.9
66.8270 1530.5
66.8440 1543.5
66.8610 1519.9
66.8780 1531.1
66.8950 1536.5
66.9120 1536.8
66.9290 1504.8
66.9460 1510.3
66.9630 1533.9
66.9800 1528.3
66.9970 1535.6
67.0140 1522.5
67.0310 1534.2
67.0480 1562.2
67.0650 1541.4
67.0820 1494.9
67.0990 1511.6
67.1160 1536.6
67.1330 1512.0
67.1500 1485.4
67.1670 1515.1
67.1840 1556.6
67.2010 1527.8
67.2180 1527.9
67.2350 1538.0
67.2520 1533.8
67.2690 1528.4
67.2860 1492.5
67.3030 1460.4
67.3200 1460.8
67.3370 1492.2
67.3540 1512.2
67.3710 1520.2
67.3880 1540.1
67.4050 1545.3
67.4220 1518.9
67.4390 1502.6
67.4560 1506.5
67.4730 1518.8
67.4900 1524.9
67.5070 1515.8
67.5240 1515.2
67.5410 1530.7
67.5580 1532.3
67.5750 1508.5
67.5920 1487.8
67.6090 1503.4
67.6260 1500.0
67.6430 1484.1
67.6600 1501.1
67.6770 1507.5
67.6940 1505.5
67.7110 1537.6
67.7280 1554.2
67.7450 1548.5
67.7620 1552.4
67.7790 1551.4
67.7960 1553.9
67.8130 1550.7
67.8300 1526.1
67.8470 1507.5
67.8640 1514.2
67.8810 1530.9
67.8980 1521.4
67.9150 1529.7
67.9320 1555.8
67.9490 1529.0
67.9660 1482.4
67.9830 1491.9
68.0000 1496.8
68.0170 1477.8
68.0340 1503.4
68.0510 1495.1
68.0680 1457.7
68.0850 1478.0
68.1020 1532.5
68.1190 1522.5
68.1360 1483.8
68.1530 1476.4
68.1700 1524.6
68.1870 1527.4
68.2040 1471.3
68.2210 1477.5
68.2380 1503.5
68.2550 1510.4
68.2720 1519.9
68.2890 1546.6
68.3060 1541.1
68.3230 1527.8
68.3400 1516.9
68.3570 1522.6
68.3740 1546.9
68.3910 1551.2
68.4080 1516.5
68.4250 1494.2
68.4420 1497.6
68.4590 1506.6
68.4760 1530.4
68.4930 1546.1
68.5100 1527.9
68.5270 1496.4
68.5440 1490.9
68.5610 1519.1
68.5780 1504.8
68.5950 1479.3
68.6120 1494.3
68.6290 1509.0
68.6460 1506.5
68.6630 1500.9
68.6800 1495.5
68.6970 1505.6
68.7140 1512.2
68.7310 1512.5
68.7480 1525.8
68.7650 1496.3
68.7820 1512.7
68.7990 1539.9
68.8160 1504.1
68.8330 1504.0
68.8500 1519.9
68.8670 1527.6
68.8840 1551.1
68.9010 1554.9
68.9180 1552.4
68.9350 1547.2
68.9520 1537.8
68.9690 1524.1
68.9860 1516.9
69.0030 1526.9
69.0200 1514.8
69.0370 1508.1
69.0540 1520.1
69.0710 1525.2
69.0880 1495.5
69.1050 1499.1
69.1220 1528.4
69.1390 1501.6
69.1560 1518.6
69.1730 1562.1
69.1900 1564.7
69.2070 1545.6
69.2240 1537.4
69.2410 1538.9
69.2580 1517.6
69.2750 1523.7
69.2920 1517.9
69.3090 1510.6
69.3260 1533.3
69.3430 1541.8
69.3600 1512.8
69.3770 1490.6
69.3940 1501.6
69.4110 1506.1
69.4280 1523.4
69.4450 1539.5
69.4620 1523.9
69.4790 1513.9
69.4960 1526.2
69.5130 1530.2
69.5300 1522.7
69.5470 1535.8
69.5640 1545.8
69.5810 1559.2
69.5980 1568.2
69.6150 1543.8
69.6320 1539.9
69.6490 1561.8
69.6660 1574.4
69.6830 1564.1
69.7000 1538.6
69.7170 1504.2
69.7340 1515.9
69.7510 1525.4
69.7680 1512.4
69.7850 1485.9
69.8020 1486.3
69.8190 1487.6
69.8360 1508.5
69.8530 1522.9
69.8700 1510.5
69.8870 1477.2
69.9040 1472.5
69.9210 1515.5
69.9380 1516.6
69.9550 1498.6
69.9720 1504.6
69.9890 1527.6
70.0060 1554.8
70.0230 1547.5
70.0400 1526.4
70.0570 1527.8
70.0740 1534.2
70.0910 1545.3
70.1080 1554.7
70.1250 1571.9
70.1420 1534.5
70.1590 1525.0
70.1760 1523.9
70.1930 1506.8
70.2100 1502.1
70.2270 1507.9
70.2440 1538.5
70.2610 1550.5
70.2780 1543.5
70.2950 1548.8
70.3120 1530.4
70.3290 1525.1
70.3460 1535.9
70.3630 1537.2
70.3800 1535.6
70.3970 1542.9
70.4140 1537.5
70.4310 1532.8
70.4480 1521.5
70.4650 1517.5
70.4820 1537.2
70.4990 1551.8
70.5160 1546.4
70.5330 1512.2
70.5500 1506.6
70.5670 1540.1
70.5840 1561.8
70.6010 1568.4
70.6180 1546.6
70.6350 1535.5
70.6520 1530.2
70.6690 1493.9
70.6860 1517.9
70.7030 1527.2
70.7200 1506.8
70.7370 1516.2
70.7540 1539.1
70.7710 1524.9
70.7880 1511.2
70.8050 1533.2
70.8220 1507.5
70.8390 1518.4
70.8560 1543.4
70.8730 1553.7
70.8900 1539.0
70.9070 1548.9
70.9240 1550.2
70.9410 1530.4
70.9580 1539.1
70.9750 1563.6
70.9920 1583.4
71.0090 1587.8
71.0260 1561.3
71.0430 1543.8
71.0600 1552.5
71.0770 1558.5
71.0940 1566.6
71.1110 1555.3
71.1280 1541.4
71.1450 1502.6
71.1620 1483.1
71.1790 1533.7
71.1960 1561.6
71.2130 1557.2
71.2300 1573.4
71.2470 1584.4
71.2640 1573.5
71.2810 1545.5
71.2980 1536.8
71.3150 1571.9
71.3320 1600.6
71.3490 1587.2
71.3660 1571.6
71.3830 1558.1
71.4000 1555.2
71.4170 1543.8
71.4340 1528.3
71.4510 1543.7
71.4680 1549.9
71.4850 1533.7
71.5020 1548.8
71.5190 1570.8
71.5360 1567.8
71.5530 1569.8
71.5700 1552.4
71.5870 1533.0
71.6040 1545.2
71.6210 1586.1
71.6380 1576.4
71.6550 1579.4
71.6720 1603.2
71.6890 1562.5
71.7060 1555.3
71.7230 1548.8
71.7400 1535.9
71.7570 1544.7
71.7740 1570.9
71.7910 1560.9
71.8080 1548.9
71.8250 1554.8
71.8420 1591.5
71.8590 1576.4
71.8760 1542.6
71.8930 1522.3
71.9100 1532.9
71.9270 1532.8
71.9440 1561.6
71.9610 1596.4
71.9780 1585.9
71.9950 1576.5
72.0120 1590.1
72.0290 1573.1
72.0460 1571.9
72.0630 1587.1
72.0800 1601.4
72.0970 1603.1
72.1140 1601.2
72.1310 1604.8
72.1480 1615.7
72.1650 1582.5
72.1820 1549.4
72.1990 1546.2
72.2160 1575.2
72.2330 1590.0
72.2500 1576.2
72.2670 1580.9
72.2840 1569.2
72.3010 1565.9
72.3180 1565.6
72.3350 1548.8
72.3520 1558.1
72.3690 1594.3
72.3860 1610.6
72.4030 1617.1
72.4200 1600.8
72.4370 1570.6
72.4540 1580.8
72.4710 1593.2
72.4880 1576.1
72.5050 1546.9
72.5220 1559.6
72.5390 1590.6
72.5560 1582.8
72.5730 1577.9
72.5900 1629.7
72.6070 1632.4
72.6240 1583.5
72.6410 1569.1
72.6580 1595.6
72.6750 1601.8
72.6920 1557.1
72.7090 1553.8
72.7260 1610.6
72.7430 1596.6
72.7600 1584.5
72.7770 1624.3
72.7940 1612.1
72.8110 1590.5
72.8280 1584.1
72.8450 1576.2
72.8620 1605.6
72.8790 1592.2
72.8960 1548.7
72.9130 1583.5
72.9300 1594.1
72.9470 1611.0
72.9640 1612.6
72.9810 1586.8
72.9980 1608.8
73.0150 1595.6
73.0320 1590.6
73.0490 1614.2
73.0660 1608.2
73.0830 1580.1
73.1000 1567.9
73.1170 1575.1
73.1340 1564.3
73.1510 1573.9
73.1680 1593.8
73.1850 1617.8
73.2020 1618.6
73.2190 1611.3
73.2360 1609.4
73.2530 1598.4
73.2700 1605.5
73.2870 1618.6
73.3040 1615.5
73.3210 1603.4
73.3380 1588.1
73.3550 1595.1
73.3720 1622.5
73.3890 1629.9
73.4060 1617.0
73.4230 1635.5
73.4400 1645.9
73.4570 1618.1
73.4740 1622.1
73.4910 1629.4
73.5080 1630.2
73.5250 1641.6
73.5420 1619.9
73.5590 1629.9
73.5760 1668.6
73.5930 1677.6
73.6100 1739.3
73.6270 1815.6
73.6440 1836.5
73.6610 1856.8
73.6780 1890.4
73.6950 1928.4
73.7120 1952.4
73.7290 2065.5
73.7460 2092.6
73.7630 2089.7
73.7800 2105.6
73.7970 2101.9
73.8140 2124.1
73.8310 2125.5
73.8480 2173.8
73.8650 2282.8
73.8820 2379.6
73.8990 2426.1
73.9160 2668.6
73.9330 3137.8
73.9500 3965.2
73.9670 5534.0
73.9840 8519.5
74.0010 13729.5
74.0180 20628.8
74.0350 26376.6
74.0520 28229.8
74.0690 25999.2
74.0860 21582.9
74.1030 16379.1
74.1200 11690.1
74.1370 8041.3
74.1540 5756.2
74.1710 4254.3
74.1880 3412.5
74.2050 2970.0
74.2220 2637.4
74.2390 2293.0
74.2560 2156.5
74.2730 2202.8
74.2900 2148.9
74.3070 2013.9
74.3240 1985.3
74.3410 2008.8
74.3580 1970.4
74.3750 1927.1
74.3920 1897.2
74.4090 1822.8
74.4260 1815.5
74.4430 1844.8
74.4600 1871.2
74.4770 1831.1
74.4940 1735.2
74.5110 1691.6
74.5280 1661.6
74.5450 1637.8
74.5620 1630.2
74.5790 1627.9
74.5960 1606.4
74.6130 1610.8
74.6300 1684.8
74.6470 1698.9
74.6640 1634.5
74.6810 1623.4
74.6980 1631.0
74.7150 1645.4
74.7320 1655.3
74.7490 1621.1
74.7660 1604.3
74.7830 1616.1
74.8000 1618.6
74.8170 1614.4
74.8340 1573.2
74.8510 1570.0
74.8680 1656.5
74.8850 1708.6
74.9020 1663.3
74.9190 1664.6
74.9360 1712.9
74.9530 1670.4
74.9700 1626.2
74.9870 1640.1
75.0040 1606.8
75.0210 1585.1
75.0380 1629.2
75.0550 1621.5
75.0720 1608.8
75.0890 1614.5
75.1060 1604.5
75.1230 1603.6
75.1400 1614.2
75.1570 1578.5
75.1740 1587.2
75.1910 1609.4
75.2080 1602.6
75.2250 1600.6
75.2420 1598.6
75.2590 1575.1
75.2760 1584.6
75.2930 1600.3
75.3100 1591.7
75.3270 1586.6
75.3440 1594.2
75.3610 1614.6
75.3780 1637.3
75.3950 1681.2
75.4120 1688.4
75.4290 1628.7
75.4460 1599.6
75.4630 1574.5
75.4800 1561.0
75.4970 1568.3
75.5140 1588.9
75.5310 1578.1
75.5480 1595.7
75.5650 1619.5
75.5820 1607.9
75.5990 1607.2
75.6160 1586.1
75.6330 1583.9
75.6500 1575.5
75.6670 1564.9
75.6840 1587.6
75.7010 1595.8
75.7180 1620.9
75.7350 1588.9
75.7520 1567.4
75.7690 1578.1
75.7860 1596.6
75.8030 1560.8
75.8200 1537.4
75.8370 1565.1
75.8540 1603.9
75.8710 1590.2
75.8880 1556.4
75.9050 1543.8
75.9220 1562.9
75.9390 1557.8
75.9560 1550.9
75.9730 1560.8
75.9900 1596.4
76.0070 1567.8
76.0240 1563.5
76.0410 1591.4
76.0580 1605.9
76.0750 1598.6
76.0920 1594.2
76.1090 1549.0
76.1260 1555.9
76.1430 1582.5
76.1600 1574.1
76.1770 1558.2
76.1940 1570.3
76.2110 1592.0
76.2280 1592.9
76.2450 1566.0
76.2620 1568.2
76.2790 1596.3
76.2960 1594.7
76.3130 1599.2
76.3300 1586.5
76.3470 1571.2
76.3640 1569.3
76.3810 1572.6
76.3980 1594.5
76.4150 1601.0
76.4320 1586.1
76.4490 1577.4
76.4660 1567.2
76.4830 1555.6
76.5000 1570.2
76.5170 1600.2
76.5340 1598.0
76.5510 1567.3
76.5680 1547.9
76.5850 1557.2
76.6020 1576.9
76.6190 1572.8
76.6360 1562.8
76.6530 1547.3
76.6700 1572.1
76.6870 1597.7
76.7040 1560.6
76.7210 1550.0
76.7380 1580.2
76.7550 1611.5
76.7720 1609.2
76.7890 1589.9
76.8060 1561.6
76.8230 1565.0
76.8400 1591.3
76.8570 1594.2
76.8740 1607.6
76.8910 1589.8
76.9080 1565.1
76.9250 1577.2
76.9420 1581.5
76.9590 1556.1
76.9760 1545.1
76.9930 1556.1
77.0100 1546.0
77.0270 1574.1
77.0440 1587.2
77.0610 1565.3
77.0780 1573.2
77.0950 1566.1
77.1120 1541.4
77.1290 1580.4
77.1460 1611.8
77.1630 1600.6
77.1800 1565.3
77.1970 1547.0
77.2140 1550.4
77.2310 1537.3
77.2480 1538.2
77.2650 1556.9
77.2820 1582.9
77.2990 1583.1
77.3160 1550.4
77.3330 1552.4
77.3500 1552.8
77.3670 1525.6
77.3840 1535.4
77.4010 1529.5
77.4180 1521.2
77.4350 1554.5
77.4520 1572.6
77.4690 1573.8
77.4860 1581.9
77.5030 1580.8
77.5200 1563.9
77.5370 1575.1
77.5540 1582.2
77.5710 1581.1
77.5880 1564.2
77.6050 1537.8
77.6220 1540.0
77.6390 1569.1
77.6560 1565.9
77.6730 1579.6
77.6900 1595.4
77.7070 1556.6
77.7240 1571.1
77.7410 1549.2
77.7580 1538.3
77.7750 1561.2
77.7920 1565.6
77.8090 1531.1
77.8260 1513.5
77.8430 1549.4
77.8600 1562.1
77.8770 1555.8
77.8940 1538.9
77.9110 1523.7
77.9280 1550.1
77.9450 1563.9
77.9620 1558.1
77.9790 1554.4
77.9960 1565.3
78.0130 1572.6
78.0300 1553.8
78.0470 1539.9
78.0640 1534.9
78.0810 1555.5
78.0980 1590.6
78.1150 1601.2
78.1320 1599.8
78.1490 1590.9
78.1660 1595.9
78.1830 1567.8
78.2000 1565.4
78.2170 1601.6
78.2340 1591.4
78.2510 1554.9
78.2680 1553.5
78.2850 1556.3
78.3020 1549.4
78.3190 1549.1
78.3360 1551.6
78.3530 1554.3
78.3700 1558.6
78.3870 1560.1
78.4040 1567.9
78.4210 1563.9
78.4380 1545.1
78.4550 1531.5
78.4720 1535.7
78.4890 1560.2
78.5060 1563.9
78.5230 1561.5
78.5400 1558.7
78.5570 1578.9
78.5740 1574.5
78.5910 1555.1
78.6080 1576.5
78.6250 1598.2
78.6420 1576.2
78.6590 1579.5
78.6760 1567.5
78.6930 1552.5
78.7100 1548.8
78.7270 1533.6
78.7440 1560.8
78.7610 1570.8
78.7780 1553.8
78.7950 1534.5
78.8120 1559.4
78.8290 1621.3
78.8460 1637.2
78.8630 1603.8
78.8800 1610.9
78.8970 1595.9
78.9140 1571.5
78.9310 1536.5
78.9480 1526.5
78.9650 1548.4
78.9820 1558.8
78.9990 1573.7
79.0160 1561.6
79.0330 1546.5
79.0500 1539.2
79.0670 1549.5
79.0840 1556.9
79.1010 1545.6
79.1180 1551.7
79.1350 1559.5
79.1520 1567.5
79.1690 1581.8
79.1860 1602.1
79.2030 1611.3
79.2200 1591.2
79.2370 1561.8
79.2540 1555.4
79.2710 1573.3
79.2880 1588.4
79.3050 1591.1
79.3220 1589.9
79.3390 1589.4
79.3560 1590.8
79.3730 1590.6
79.3900 1631.4
79.4070 1645.6
79.4240 1595.6
79.4410 1572.2
79.4580 1566.9
79.4750 1567.3
79.4920 1548.4
79.5090 1550.0
79.5260 1570.1
79.5430 1556.4
79.5600 1547.5
79.5770 1550.5
79.5940 1578.5
79.6110 1587.9
79.6280 1580.5
79.6450 1567.7
79.6620 1577.1
79.6790 1585.9
79.6960 1594.1
79.7130 1607.8
79.7300 1591.4
79.7470 1558.2
79.7640 1621.8
79.7810 1665.4
79.7980 1653.9
79.8150 1640.1
79.8320 1537.2
79.8490 1539.3
79.8660 1556.9
79.8830 1561.0
79.9000 1555.2
79.9170 1537.9
79.9340 1537.8
79.9510 1572.1
79.9680 1569.5
